32 19 29 25 22 23 20 27 24 18 20 16 27 
11 7 6 6 8 6 4 2 12 10 5 3 10 
16 25 23 22 23 21 20 20 18 17 14 13 14 
14 15 13 8 6 3 7 6 8 9 4 3 6 
16 8 5 2 5 4 1 5 1 11 8 9 7 
21 12 10 19 15 10 21 17 3 5 3 1 11 
5 7 8 6 9 5 7 3 5 4 3 1 4 
16 11 6 10 9 11 18 7 4 4 5 3 8 
12 12 13 7 17 16 12 14 14 14 13 16 15 
7 8 7 2 2 4 2 6 1 3 4 7 9 
22 18 26 26 28 19 29 33 28 29 34 25 33 
20 9 9 14 11 8 7 8 15 20 10 2 3 
16 8 17 16 10 21 8 8 8 28 26 7 17 
21 20 5 24 18 24 16 15 1 3 3 4 3 
7 9 2 6 6 7 4 6 6 4 5 1 4 
13 4 2 1 4 5 4 2 3 4 10 5 9 
5 5 4 6 11 6 7 7 15 24 24 24 25 
12 10 8 8 11 9 9 7 9 16 21 11 11 
20 20 16 9 13 9 11 6 9 7 10 6 9 
9 7 8 3 10 9 5 7 7 7 7 7 7 
10 5 6 5 10 24 17 7 12 18 14 8 21 
25 29 19 8 11 14 1 3 5 4 4 5 4 
26 23 15 11 21 18 18 21 20 19 19 20 14 
6 7 5 8 5 8 4 10 13 7 11 12 28 
11 9 7 7 8 7 6 6 4 5 5 5 4 
17 19 18 6 26 8 5 7 10 7 7 9 11 
7 17 13 11 4 10 7 4 4 6 11 15 19 
4 8 13 11 12 5 4 1 3 3 4 3 3 
3 4 1 1 1 3 5 4 5 1 1 2 2 
7 3 4 7 9 7 5 5 7 6 8 6 7 
13 11 15 10 15 11 8 5 5 5 3 4 13 
13 10 28 26 29 23 25 27 19 27 22 19 17 
15 7 17 2 12 15 16 6 5 5 4 4 5 
20 18 15 23 12 21 29 21 18 14 23 20 23 
16 16 13 9 13 14 20 23 15 14 3 6 6 
7 13 13 10 8 6 8 2 5 3 5 6 7 
6 2 6 11 12 25 7 5 21 2 3 1 1 
2 3 3 2 2 2 2 1 1 3 3 3 3 
1 1 1 12 2 6 8 2 2 2 2 1 1 
14 7 7 6 2 8 5 4 5 4 4 4 2 
21 18 3 5 4 4 3 4 4 5 5 7 8 
8 7 8 5 4 5 2 3 2 3 4 4 3 
11 13 12 13 11 13 21 12 23 21 16 25 40 
9 8 20 5 6 8 8 7 5 5 11 11 12 
1 2 1 4 2 1 1 2 1 1 1 1 2 
14 14 12 8 12 9 10 9 8 7 8 4 3 
5 8 3 6 5 1 9 12 5 7 3 2 3 
4 8 10 11 23 19 5 4 9 4 10 8 8 
11 5 2 5 3 1 2 2 2 3 1 3 4 
3 3 4 5 4 6 4 3 2 2 2 2 3 
12 11 13 8 7 8 4 3 2 4 4 3 3 
6 6 8 8 3 5 8 3 4 9 10 9 10 
7 4 2 1 1 1 2 1 1 2 3 1 1 
7 14 13 7 4 3 4 1 7 8 19 7 11 
28 28 22 28 22 22 18 25 19 24 21 19 16 
1 2 3 3 2 1 1 1 2 3 3 3 3 
15 18 9 17 19 23 13 13 14 12 22 19 14 
15 12 14 21 19 20 16 3 1 1 1 1 4 
26 20 24 27 21 19 29 15 22 16 17 18 22 
9 9 3 8 7 5 3 3 3 4 3 2 6 
22 17 6 10 3 3 4 5 1 1 2 2 7 
8 7 6 13 10 4 3 3 3 2 3 3 1 
24 16 17 14 17 17 18 20 23 22 19 24 21 
16 17 14 17 11 19 13 3 2 8 6 11 18 
7 26 23 14 13 13 21 7 14 21 21 12 17 
9 3 5 6 17 13 10 2 4 3 2 7 3 
11 9 8 7 7 3 7 7 4 3 2 3 3 
9 7 6 15 5 5 5 8 7 6 8 7 11 
25 29 20 24 20 17 18 17 23 19 16 8 18 
7 6 8 6 6 8 4 6 6 6 11 12 15 
21 12 10 17 17 13 10 18 8 8 4 4 13 
14 18 19 16 15 14 13 14 14 14 14 14 14 
8 7 10 8 15 13 14 22 22 22 18 24 29 
10 9 7 19 5 11 6 4 2 1 1 3 1 
14 17 14 9 11 22 20 22 21 20 17 13 22 
25 9 11 6 11 13 6 10 8 5 8 4 8 
5 3 9 10 26 12 7 5 13 5 5 5 17 
5 4 5 5 5 5 8 8 10 13 16 14 13 
17 17 17 18 22 24 24 20 18 24 22 20 16 
5 4 5 4 3 2 3 2 1 1 1 1 1 
7 5 7 10 8 5 4 1 3 3 1 2 3 
8 2 7 3 1 2 2 2 4 5 4 5 7 
9 15 11 16 15 13 12 12 10 12 15 8 18 
7 5 10 6 3 1 2 1 1 3 1 3 4 
24 19 27 25 16 17 20 15 12 18 19 21 21 
6 4 6 5 6 2 4 4 3 3 3 4 4 
6 7 6 6 6 6 6 6 6 6 6 6 4 
9 6 10 7 7 7 4 1 5 4 8 5 4 
25 13 20 18 9 4 4 5 11 11 6 6 7 
13 9 19 19 21 20 23 20 10 10 9 13 13 
