20905 187832
12734 97034
29241 216287
163262 140591
44041 82421
23900 162492
10810 223175
26538 155972
859 56799
144072 90814
19813 151753
98283 68925
6441 228617
80181 4939
102867 165210
1717 283434
12647 235029
52603 235241
2642 158394
41810 191404
79755 205487
0 72271
859 15572
53066 90844
70592 46138
858 67998
10884 280559
121 10288
34598 119467
7204 101018
1673 67078
858 8560
13452 125773
0 0
2896 131986
41245 168003
27817 192504
13464 75909
79975 177648
21069 182889
75552 137614
202077 116902
3354 111878
859 47204
43170 143876
157857 93672
14727 191707
81509 105918
75142 154728
33377 214284
1838 185926
17673 81672
124711 202945
50107 235694
1717 128432
859 199682
10285 195418
1717 157920
2638 160619
18820 101756
23651 130465
16481 237394
21272 208056
31641 220866
7427 131718
9914 145493
7631 14836
23415 159645
859 175761
12367 138491
16950 222373
99754 173290
859 189166
858 857
9430 148055
0 3957
78852 153629
75441 99934
107009 199498
133655 160665
96777 56423
26769 205415
0 0
1314 250735
7837 149599
81028 256547
18489 103270
1848 171811
27052 169943
9856 167132
558 4819
13577 263822
69426 222877
9297 151616
5047 92123
0 0
2708 150586
1937 302458
97663 13177
23119 124504
67820 154374
65301 186450
129337 31753
78729 147057
61069 150250
2568 21706
