4054 95384
110809 50371
37082 118282
859 64921
11343 20980
200073 57096
859 130818
1703 160457
146407 133737
29410 55739
14988 237332
95488 143594
12099 137197
40463 136880
161078 48896
49014 184864
50115 104815
2356 118750
2793 204965
112147 184029
209916 37294
1717 84045
47619 172047
16138 193617
6800 43608
859 121071
27707 210961
28899 260536
218220 59307
152605 113643
18867 143389
7486 149446
2824 141872
145049 137068
9998 53251
188898 65641
120573 163260
129281 100279
22651 178414
147026 172306
76441 199926
16860 286575
19137 207233
132790 63838
55402 169704
140438 140892
27929 27048
82332 229233
859 200975
94213 179670
85847 50188
7596 116308
0 92484
150916 94374
10666 228479
16081 219585
92188 146165
29470 164402
152144 19165
2127 126541
50697 191234
89029 203542
859 169308
90279 159968
84031 82520
123366 100358
86258 194022
859 302538
28483 175932
110652 219186
11723 123708
7103 256795
114599 141324
41518 146808
63294 187397
29548 113728
23669 261302
120363 108711
6653 163794
83552 142456
107855 145188
24454 218826
185499 85774
54893 125272
85697 123098
44134 183132
166401 51617
92881 19210
90 4254
114861 126636
38175 212910
