10 12 16 4 3 1 1 4 5 5 6 9 15 
14 9 8 6 8 10 9 10 6 7 7 5 3 
12 12 11 6 6 4 3 9 8 7 6 6 1 
11 7 6 7 9 2 1 2 14 5 5 8 11 
10 19 12 20 19 21 20 20 15 15 16 13 14 
14 14 15 9 8 5 11 5 8 8 9 9 17 
2 6 7 10 10 6 12 6 8 8 10 10 8 
14 17 11 11 18 26 18 14 20 16 17 20 30 
19 19 18 18 13 12 12 16 16 16 16 16 17 
14 14 2 6 3 2 3 3 3 3 3 4 6 
16 34 30 18 19 18 20 21 20 17 19 17 13 
19 7 6 13 8 15 16 3 5 7 8 6 9 
6 7 10 2 1 1 1 3 4 4 5 5 3 
10 5 1 7 6 5 5 5 2 2 1 1 6 
17 12 11 9 12 15 9 10 6 2 2 2 2 
17 12 22 19 14 2 4 7 5 20 14 6 3 
10 10 11 8 11 11 12 10 18 17 11 15 11 
5 10 10 7 3 4 3 3 5 6 2 3 3 
18 10 16 17 19 16 18 18 20 20 19 20 19 
7 5 5 7 6 6 4 3 6 10 4 5 2 
22 19 19 19 22 20 25 18 17 21 23 11 13 
19 23 18 18 22 18 8 7 4 2 1 3 1 
23 16 17 16 14 20 21 18 17 16 14 16 10 
12 17 22 11 26 11 8 8 9 8 9 6 8 
21 13 10 9 12 13 18 20 13 16 13 15 16 
19 18 13 6 14 10 6 5 3 3 8 9 11 
24 24 28 29 28 26 27 28 27 22 9 16 14 
9 4 9 5 4 6 5 4 6 6 5 5 4 
33 15 22 15 15 17 12 22 23 17 18 16 19 
1 11 9 9 11 7 7 5 3 7 8 12 7 
21 20 12 21 15 17 10 15 16 18 1 2 9 
9 14 21 16 18 20 9 13 8 12 5 8 17 
16 19 15 20 14 5 9 11 10 8 4 3 5 
26 22 21 21 23 21 21 20 20 15 20 23 7 
23 25 23 30 21 26 31 27 13 27 7 25 12 
8 7 9 11 10 5 4 5 6 5 5 5 4 
7 12 13 11 10 12 11 11 10 14 13 13 13 
12 7 10 2 4 1 1 1 3 5 4 5 4 
5 3 8 11 9 2 1 2 3 3 4 2 5 
10 13 12 13 7 5 7 5 14 12 12 13 11 
11 6 11 9 15 18 13 18 13 9 9 17 19 
14 22 20 12 18 5 10 10 9 10 13 18 14 
16 16 13 9 7 9 6 6 4 11 7 19 24 
9 6 5 4 2 4 10 13 10 3 3 13 2 
26 26 24 25 25 20 17 18 19 11 20 14 15 
12 15 10 7 7 5 3 2 5 5 6 5 12 
35 15 15 5 9 2 3 5 3 1 1 3 2 
2 1 6 8 3 1 3 5 5 4 3 1 3 
16 17 7 7 5 6 7 7 8 8 6 6 4 
7 31 18 19 10 9 8 12 7 5 2 2 2 
29 25 30 33 25 26 22 25 27 25 12 7 17 
16 5 17 6 9 6 15 3 4 2 2 2 2 
30 33 31 30 28 33 32 34 30 31 30 28 27 
18 8 12 14 5 5 6 9 8 4 5 5 5 
23 16 17 19 6 13 12 14 15 8 12 19 14 
13 12 9 3 8 6 7 6 6 6 4 6 7 
20 25 12 16 18 15 22 24 18 11 15 21 23 
14 6 15 13 19 13 6 6 5 2 7 11 13 
9 8 8 11 16 14 16 15 14 14 13 13 13 
8 11 6 24 5 6 6 4 5 3 4 9 11 
5 4 4 5 4 4 6 7 3 5 6 4 2 
28 33 17 29 23 22 22 20 19 19 17 18 24 
18 18 14 9 14 12 12 14 13 13 13 12 13 
17 16 15 22 15 15 12 12 7 12 4 6 14 
28 21 21 21 18 19 18 19 16 13 18 13 11 
4 3 7 3 3 2 3 3 3 2 2 3 3 
27 12 3 2 8 10 15 14 13 25 10 3 6 
12 8 9 17 16 11 9 1 3 4 8 11 24 
21 15 19 11 9 7 6 8 7 14 8 11 2 
7 2 6 7 7 15 5 5 7 2 7 7 7 
19 16 18 23 14 10 17 19 19 20 17 18 20 
7 6 5 3 7 6 7 5 3 7 9 8 5 
27 26 26 12 17 20 12 18 18 18 13 13 23 
13 8 1 3 11 18 1 2 2 2 2 2 2 
28 23 20 17 18 19 22 23 23 23 22 26 22 
10 13 14 23 21 25 2 2 3 1 1 2 9 
5 6 7 6 4 2 3 6 5 6 7 6 5 
18 21 19 13 17 13 8 5 5 12 5 7 3 
15 10 7 9 11 7 7 9 5 8 6 4 5 
11 1 2 2 15 6 7 5 5 9 8 14 7 
5 2 3 2 6 4 8 5 3 1 2 2 2 
22 21 20 22 16 12 11 9 10 12 8 11 15 
17 17 14 14 9 3 7 9 11 12 8 8 8 
12 9 11 10 5 6 8 8 8 8 5 5 8 
15 27 23 26 26 26 25 24 28 22 20 13 7 
7 13 14 5 6 9 4 7 11 9 8 9 13 
29 24 29 26 24 22 19 22 22 18 16 18 16 
5 8 15 15 7 12 14 14 7 3 3 4 5 
31 12 10 7 14 11 7 8 5 10 10 6 7 
4 6 7 10 7 2 4 7 3 5 5 4 6 
