28482 208739
13465 143822
62959 234054
37726 191627
20636 252341
49804 186828
16146 21264
67663 147234
859 139622
159662 76789
27465 112198
42864 198751
0 0
109101 141369
1717 179710
98111 174371
67904 208952
97425 137831
6059 143307
85391 83688
197 181
59717 134554
42384 70616
28386 163112
27700 99463
150111 124408
21702 136373
61577 51925
67479 159257
4763 47690
17000 156220
32761 136055
120894 119472
56237 58379
172383 82428
105632 152158
112074 129093
859 128989
33736 217789
64961 121330
16244 217096
11969 149352
72664 179832
150109 158328
1717 246195
68486 89929
108232 81649
175226 25548
38003 168153
56098 101931
24063 181484
126386 58628
2231 74256
134601 85483
0 0
859 185009
32928 163649
88641 113042
133276 22154
113999 14780
406 31120
14389 136098
110550 168678
66682 113145
69350 175083
233532 63384
66056 151090
91928 86760
122805 144126
104427 150471
3074 197074
151600 107845
90563 176868
83028 117049
36194 123059
121894 123795
80356 121844
74597 127687
7533 233308
75072 139308
54465 168612
49307 226933
54019 100127
2609 172443
73351 172230
17437 168783
32146 136558
59398 203827
130322 94307
0 0
86917 83604
11865 215637
859 40015
35466 157015
76219 123816
36798 251291
130356 42694
5153 241341
