
0.0015509292 0.0014845066 
-0.0014239923 -0.0067875693 
0.0074338154 0.0076241153 
7.24759e-05 3.41764e-05 
-0.0045587225 -0.004297499 
0.014009677 0.013830101 
-0.021665301 -0.021622023 
0.0031174817 0.0031987913 
-0.015633559 -0.015628533 
-0.0012256893 -0.0012703042 
-0.0066317455 -0.0063189 
0.0103274565 0.010354832 
0.018645294 0.018897176 
-0.008878258 -0.008972209 
0.026561359 0.026321625 
-0.011896442 -0.01187712 
0.005062598 0.005219751 
0.007304442 0.0007147118 
-0.0021920917 0.0043019406 
-0.0027868783 -0.0026415836 
-4.7520247e-05 -5.0151357e-05 
0.027908957 0.027854677 
-0.010826511 -0.01075951 
0.015177151 0.015166354 
0.0058213994 0.00584478 
-0.029358754 -0.029372083 
0.006655863 -0.0071030976 
0.050710984 0.050509986 
0.0023210738 0.0023391356 
-0.021981327 -0.021974264 
-0.0062955343 -0.006309893 
0.010161825 0.010300449 
-0.05644361 -0.05766584 
-0.0077844583 0.006848943 
0.078786515 0.07875744 
0.020933144 0.020896666 
0.036816187 0.03685244 
-0.0026305357 -0.0025989504 
-0.039408688 -0.039093774 
-0.015915819 -0.01597155 
-0.0036396775 -0.0036575915 
0.009972176 0.009821057 
0.0016769142 0.0016953333 
-0.02703093 -0.027023448 
-0.013689326 -0.01374629 
0.02646876 0.026311683 
-0.0015336297 -0.0015182336 
0.0065209656 0.00662761 
-0.009545318 -0.0095363185 
0.0077671786 -0.0018134512 
0.014123706 0.0140778655 
-0.008434659 0.0008722409 
4.366994e-05 4.423152e-05 
0.0016688774 -0.008148112 
-0.01883996 -0.018917846 
0.0038526112 0.0039507216 
-0.002999789 0.007848597 
0.036670543 0.036719628 
-0.0062551014 -0.006263926 
0.019186353 0.019359833 
0.11173789 0.111050196 
-0.0045772768 -0.0051988913 
-0.024979498 -0.024910148 
0.037623987 0.03801523 
-0.053842485 -0.053826813 
0.019527733 0.019518552 
0.063993424 0.06406944 
-0.017579444 -0.01772603 
-0.0110087935 -0.010926725 
-0.08661829 -0.086261526 
0.0058527887 0.0048684166 
-0.06731529 -0.06736964 
0.02790846 0.027928641 
0.04972 0.049306754 
0.00017480603 -5.017402e-05 
-0.0058238185 0.0076488056 
-0.042809233 -0.042856254 
-0.03332429 -0.033311352 
0.012017143 0.011951615 
0.08312077 0.083189264 
0.07395269 0.0738977 
-0.00016209633 -0.00018779363 
-0.064083084 -0.06399753 
-0.032006156 -0.031924576 
0.026895177 0.027095633 
0.009367289 0.00930027 
0.116426334 0.116336375 
-0.108426854 -0.10840946 
-0.0845931 -0.084631 
-0.019938711 -0.020073103 
0.09351164 0.0935365 
-0.010838007 -0.010769314 
-0.0047823684 0.0054177474 
0.01687552 0.01694216 
0.05573504 0.055810984 
0.03968255 0.039537635 
-0.046465043 -0.04644091 
0.0039298916 0.0039107944 
-0.004583512 -0.0046075503 
0.00569445 -0.005143036 
0.0032764408 0.003516984 
-0.04794621 -0.048131302 
0.06453311 0.06459629 
-0.0074537564 -0.0072204983 
0.03208054 0.022367662 
-0.005285309 -0.017019905 
-0.022853928 -0.023160832 
-0.063719176 -0.0637911 
0.016730284 0.014146545 
-0.0026906834 -0.0028690316 
0.0039163386 0.016243225 
0.008630455 0.007965282 
-0.015170597 -0.012769637 
0.038209666 0.03962272 
0.051406305 0.050975386 
0.00890891 -0.005168934 
0.020502005 0.027745094 
-0.03442228 -0.034087345 
0.00011043379 0.000119789736 
-0.009310456 0.0045349514 
-0.0030956222 -0.0030791396 
0.008226169 0.008226948 
-0.020650193 -0.020689074 
0.022871979 0.02292317 
-6.2913628e-06 -4.877477e-06 
0.01170014 0.01169743 
0.051087797 0.05129151 
-0.005295067 -0.0052858866 
0.0030812894 0.0030704704 
-0.04324333 -0.043346256 
0.016272672 0.016216954 
-0.011253077 -0.011245108 
-0.007924899 -0.007947617 
0.0013060853 0.0012987115 
0.08154797 0.08222895 
-0.0013132214 -0.0013170824 
-0.02890951 -0.028906673 
0.005345523 0.005364224 
-0.015477293 -0.015426675 
0.03341933 0.033271167 
0.003241152 0.003157153 
-0.0029251352 -0.0033364876 
-0.007372708 -0.0073355553 
0.010602484 0.009673023 
-0.0013533727 -0.0014206572 
0.027858205 0.028072294 
-0.014290381 -0.014432444 
0.019769104 0.019665977 
0.00731215 0.007467601 
-0.005011754 -0.0052114553 
-7.265209e-06 1.7143971e-05 
-0.010292435 -0.010237049 
-4.033459e-05 0.005079103 
0.0013973936 0.0014085606 
0.008553856 0.015160422 
-0.02172191 -0.021558246 
-0.0052377386 -0.000759949 
0.014822156 0.013571466 
0.005175803 0.005074193 
0.0043742526 -0.0012959177 
-0.011025778 -0.011025429 
-0.0007834054 0.006063026 
-0.004095791 -0.0041019036 
0.015656374 0.015697246 
-0.03882561 -0.038775902 
-5.3840104e-06 -4.8063903e-06 
0.0068947272 0.006940938 
0.051190924 0.051087543 
-0.02502312 -0.025101922 
-0.016414165 -0.016359266 
0.006104761 -0.0010722402 
0.0014037456 -0.0056000315 
-0.001745516 -0.0017318262 
0.0039951988 0.003978202 
0.022880971 0.022872064 
0.010704297 0.010599293 
0.0017274743 0.00171258 
0.03353529 0.033494055 
-0.005754215 0.001592151 
-0.0071013244 -0.0071126344 
-0.024230452 -0.02397214 
-0.0001255957 -0.00013989526 
0.0044767666 -0.0049177925 
0.033065464 0.032950755 
-0.011210964 -0.011226299 
-0.05533016 -0.055665605 
0.009524316 0.008308419 
0.018108452 0.018498385 
-0.03486345 -0.03497158 
-0.0167246 -0.016956765 
-0.0028745485 -0.0030851357 
0.0019959593 0.002284051 
0.024632249 0.024535645 
0.075785466 0.07545492 
0.0027278156 0.011394191 
0.0054248716 0.004783754 
0.013269811 0.0130193 
-0.005942237 0.0025112224 
0.044932324 0.04522302 
-0.0065601626 -0.0067496207 
-0.029778052 -0.029641083 
0.00017367397 0.00017944585 
0.045067105 0.045012135 
0.009178364 0.007718242 
-0.012828664 -0.01277922 
-0.06994364 -0.06989854 
-0.005955948 0.0041329623 
0.0037391123 0.0037437815 
-0.014181195 0.013604688 
0.0054296795 -0.0054454086 
0.0141104 -0.013928147 
0.014291391 0.013949711 
-0.007524879 -0.007584574 
-0.043764137 -0.0438522 
0.031674266 0.031676862 
0.0020480691 0.013021223 
0.066350766 0.06648485 
0.021611825 0.021570364 
-0.003107572 -0.0034066655 
-0.01967779 -0.019872142 
-0.010916464 -0.01091096 
0.031116368 0.031002589 
-0.04373824 -0.04368583 
-0.00031362742 -0.00020186123 
0.09559912 0.09570895 
-0.09070037 -0.09061667 
0.01604991 0.01604449 
0.06319207 0.06318086 
-0.025012044 -0.025073899 
0.009964481 0.009996455 
-0.05607292 -0.05605525 
-0.0052457415 -0.005326565 
0.05121592 0.05122278 
-0.07114987 -0.07124238 
-0.01725377 -0.01726601 
0.040255554 0.040362224 
-0.033404622 -0.03342123 
0.07737358 0.077328615 
0.022971727 0.023039402 
0.004608855 0.0045244815 
0.0046474393 0.004670099 
-0.009239452 -0.009210272 
0.022975786 0.023066938 
-0.026417814 -0.026439548 
-5.85043e-05 -6.249797e-05 
0.01676174 0.016638428 
0.042456295 0.04245474 
0.011719979 0.011769107 
-0.03620906 -0.036202315 
-0.05088412 -0.051006388 
-0.0056692176 -0.0056720614 
-0.019169189 -0.019129025 
-0.01357931 -0.013574632 
0.03140192 0.03147002 
0.0078288065 0.007767149 
-0.0039575635 0.00422379 
-0.0026354904 -0.0026149338 
0.058600526 0.058473974 
0.0040479237 -0.003982977 
0.0021069925 0.0020999273 
-0.0027041435 -0.0027225083 
0.007086323 0.0074754683 
1.04593655e-05 1.5409261e-05 
0.02318157 0.021870226 
-0.018488279 -0.018572388 
0.0028157448 0.0028577063 
-0.0100621395 -0.010066905 
-0.0073447907 -0.0072435974 
0.010419649 0.012307123 
0.0011400145 0.0011302704 
0.03890534 0.039406955 
-0.0048764194 -0.0049026394 
-0.025519624 -0.025396861 
-0.0010575674 -0.001070132 
0.017214986 0.014046387 
-0.013639259 -0.013729662 
0.0048294486 0.004780228 
0.012345729 0.0066884677 
0.014991524 0.019914612 
0.028901592 0.029492894 
0.00040160606 0.0003516832 
-0.006382061 -0.00641091 
0.004434076 0.0044030217 
-0.0020439387 -0.0013019344 
0.0086483685 0.008607659 
0.0020104123 0.0020821216 
-0.00870524 -0.0086913 
-0.003305769 -0.0032325354 
-0.012838452 -0.012852412 
0.0015397104 0.000778058 
-0.00085018424 -0.0001980177 
-8.558172e-05 -0.00052055105 
0.0006848464 0.0014141108 
0.011790938 0.011842351 
-0.0008898853 -0.0013190912 
-0.0020144999 -0.0024673666 
0.0031025838 0.0030845222 
-6.2247077e-06 3.6099161e-06 
0.0060452307 0.006106894 
-0.0046456247 -0.004585849 
-0.0075365365 -0.009276761 
0.008061488 0.0072700754 
0.0052927444 -0.0065109464 
-0.013780108 -0.0144805135 
0.03391007 0.035941582 
-0.020678645 -0.020384615 
-0.02788825 -0.0282997 
0.02670393 0.025083994 
-0.057681438 -0.057492964 
0.07211826 0.07280596 
-0.003866428 -0.0035805115 
0.011440459 0.013609287 
-0.00011525865 -5.2210817e-06 
0.0035803828 0.0032472408 
0.019201832 0.009320089 
0.04813996 0.046844024 
-0.0131001845 -0.0039532483 
-0.002179777 0.009451506 
0.017997539 0.01993014 
-0.03863051 -0.03834933 
-8.07374e-05 -8.182248e-05 
0.060431045 0.061340682 
-0.05152881 -0.05132217 
0.026517779 0.026089808 
0.017657492 0.017848453 
-0.10222347 -0.102577806 
-0.018953508 -0.018885415 
0.09237016 0.09254471 
-0.005295206 -0.005265268 
0.036354247 0.03707472 
-0.027752168 -0.027818542 
-0.06603947 -0.06603689 
-0.08203232 -0.08206896 
0.1252142 0.12721181 
0.010616282 0.010535569 
-0.011497715 -0.011547004 
0.07536524 0.074453704 
-0.03829344 -0.03824434 
0.048807833 0.047841106 
0.0046246247 0.0046480084 
0.008731177 -0.010187678 
-5.9589875e-05 -4.3675802e-05 
-0.016753994 -0.016754802 
0.012531593 0.012520585 
-0.008746506 -0.008686582 
0.0035054956 0.003823746 
-0.005845781 -0.005904045 
0.024064781 0.024003146 
-0.0016679133 -0.0015818521 
0.0059578405 0.006332555 
-0.0031394868 0.0031453813 
0.0016435778 0.0015556687 
-0.012176003 -0.012193962 
0.0020391522 -0.0035627284 
-0.009504127 0.010032075 
0.0076456056 0.0013617583 
-0.023687568 -0.023614366 
0.016909288 0.016978703 
-0.0036154795 -0.0035392686 
0.009009533 0.009101568 
-0.017288567 -0.017315881 
-1.330147e-05 -1.7144572e-05 
0.009553609 0.009490705 
-0.008458343 -0.008458479 
0.0029841997 0.0037736818 
0.025931666 0.025943719 
-0.0017266744 0.0017909599 
0.018283715 0.018328605 
0.0024004832 0.0019923393 
-0.002364031 -0.002357801 
-0.0038917507 -0.0038988579 
0.0050875754 0.0045241686 
-0.0010654889 -0.001063993 
-0.02559765 -0.025569951 
-0.012116814 -0.012135056 
0.00095917867 0.0010309322 
0.0017328319 -0.0017762623 
-0.005852412 -0.005842836 
0.013211183 0.013189198 
0.0067224014 0.00693251 
-0.004739361 -0.005226241 
0.07122409 0.07043411 
-0.03265679 -0.033480957 
0.00013736798 0.0342246 
0.009886173 0.010381537 
0.10693189 0.10714388 
-0.021216057 -0.020944964 
-0.00012578112 -0.00014134627 
0.04376749 0.046262223 
0.018490678 0.018052429 
-0.012032298 -0.011818495 
-0.0122005185 0.007567765 
-0.00031929964 -0.031049026 
-0.071517795 -0.07181238 
-0.04665468 -0.04771413 
0.04535722 0.011298943 
-0.042762965 -0.0073203337 
0.0040113023 0.0042251754 
0.013893628 -0.0070242556 
0.029070327 0.030085756 
3.3078373e-05 4.4512366e-05 
0.020767532 0.020855693 
-0.008895342 -0.008570357 
-0.048089337 -0.048147433 
0.009409872 0.009832084 
-0.005971252 -0.004270277 
-0.02553742 -0.025355197 
0.029454097 0.02940087 
0.0038074243 0.006348615 
-0.0033694333 -0.007306095 
-0.018395837 -0.018498046 
0.014518034 0.014327393 
0.002940297 -0.0026978098 
-0.002285203 -0.0023373463 
0.0025900234 0.002375366 
-0.03446767 -0.03442683 
0.041975524 0.041740194 
-0.002779519 0.0028037212 
0.007295001 0.004784061 
-0.012874664 -0.012911175 
-0.004530891 -0.0046636867 
-4.5793622e-05 7.810043e-05 
0.017269304 0.017142294 
-0.028617227 -0.028567424 
0.008107457 0.008152435 
-0.016286775 -0.016132148 
-0.058471624 -0.058457192 
0.0018756023 0.00241155 
0.05355749 0.05336933 
0.040701706 0.040577088 
-0.038641848 -0.038783185 
0.012095172 0.012152235 
-0.021761628 -0.021882802 
0.031020097 0.03136471 
-0.007803424 -0.0076705483 
-0.011461996 -0.011636662 
0.023657449 0.023604142 
0.004930455 0.004682114 
0.002301351 -0.0026305602 
-0.0023392695 -0.0017858687 
-0.012307595 -0.015214741 
1.8488623e-05 4.1654952e-05 
0.012381153 0.019041397 
-0.016813738 -0.008190124 
0.009905649 0.010092313 
-0.03218632 -0.03236604 
-0.005164443 -0.004834927 
0.037135802 0.036771614 
0.002377929 0.002498453 
-0.021111958 -0.020909533 
-0.008840442 -0.008482052 
0.0010272409 0.011071129 
-0.0018340393 -0.010889859 
-0.0020706167 -0.0022195366 
0.024529388 0.024668744 
0.0045258906 -0.0037942333 
0.018924184 0.013598049 
0.012596448 0.0022218826 
0.0057685073 0.005629045 
-0.0058203726 0.0031111625 
-0.017431416 -0.016941255 
0.0008628096 0.0009227877 
-0.005714465 -0.0059793703 
0.021946486 0.02190926 
0.048845157 0.048549887 
-0.025981355 -0.026173392 
-0.01896972 0.02111229 
0.01687316 0.0042808303 
-0.0032973299 0.008661341 
0.03218843 0.03217883 
0.008701346 0.009471223 
-0.0110389935 -0.010513168 
0.006168634 -0.0058681173 
0.013976484 0.015289269 
-0.013289393 0.00027992742 
0.0047624186 0.0044027525 
-0.0034359442 -0.016361538 
-0.04202423 -0.04192679 
-0.0021289855 -0.0019577707 
0.021235617 -0.02023545 
-0.018237615 -0.018447755 
0.010909034 -0.009193016 
-0.06094628 -0.060706317 
0.13835278 0.13834882 
0.035114605 0.034977566 
0.00018612343 0.00021389544 
-0.13621952 -0.13616483 
0.10083011 0.100973874 
-0.02873583 -0.02838096 
0.022043463 0.022073645 
-0.00460212 -0.0044784453 
-0.08291332 -0.0828421 
0.0055255126 0.00549714 
0.05232241 0.052251525 
0.07555061 0.075256735 
-0.042346753 -0.042470746 
-0.10663229 -0.10670708 
-0.010568526 -0.010434466 
-0.0076831225 0.01327691 
0.012614581 0.012422507 
-0.00012022599 -0.00013134537 
-0.013796269 -0.013693035 
0.0076484163 0.0076389425 
-0.004782021 -0.004770856 
0.008481131 0.0010604163 
0.010341184 0.01054165 
0.002181981 0.002220881 
-0.009689288 -0.009665709 
-0.0021313247 0.0022412287 
-0.0023244396 -0.008566698 
0.0009588218 0.00087861356 
-0.0029360233 -0.002999037 
-0.0070251357 -0.0069558388 
0.00035290798 0.008070942 
0.0054462384 0.0054971967 
-0.0075236354 -0.001090799 
0.0025129702 -0.0027370786 
0.014551414 0.014449556 
-0.0014460394 -0.0014422981 
0.0036808657 0.0036458618 
-0.0028481698 -0.002818833 
0.020261476 0.020219013 
-0.035235327 -0.035091706 
0.05122915 0.050869696 
-0.012270833 -0.01238021 
0.002892753 0.0028851205 
0.03800833 0.038198248 
-0.018686047 -0.018487832 
0.00744989 0.0074325893 
-0.0070158774 -0.0068986393 
0.028197931 0.028211374 
-0.025774088 -0.025998753 
-0.07006866 -0.07002701 
2.0896632e-05 1.1591308e-05 
0.012965786 -0.01304557 
0.013310272 0.013231107 
0.071556374 0.071732596 
-0.011628982 0.0140560325 
-0.047558367 -0.04767696 
0.104043216 0.10364491 
-0.005639484 -0.0071178083 
0.005580381 0.005335363 
-4.0847453e-06 -3.2846885e-05 
-0.020970719 -0.02119953 
0.0032851128 0.0029344982 
0.012148091 0.011895879 
-0.014705441 -0.014626441 
0.00560633 0.010509309 
-0.0015594016 -0.001458456 
-0.0038638052 -0.0034668285 
8.037725e-06 -0.005110279 
0.016978014 0.01653321 
-0.009927351 -0.010266825 
0.0006776727 0.0054739984 
-0.008624451 -0.0043668863 
0.009332622 0.0073298295 
0.001289177 0.0013061385 
0.027101967 0.027098145 
-0.0043228758 0.0022712392 
0.005601653 -0.0011959595 
-0.008525752 -0.00825872 
0.0010461732 0.00091107405 
0.006664304 0.0063148425 
-0.0029317485 -0.0031581006 
0.024136726 0.024242647 
-0.0013570652 -0.001262464 
0.0013490188 0.0071256403 
0.004241722 0.0040753977 
0.0022594964 0.0024499677 
-0.0060982034 -0.0011443272 
-0.012740618 -0.013022217 
0.0016267429 -0.0036925117 
-4.8679212e-05 -6.2848856e-05 
0.03478729 0.03485668 
-0.0022227 0.002586211 
-0.019918488 -0.019863341 
0.014288248 0.014686579 
0.009693943 0.009481482 
-0.005007351 -0.0056265453 
0.0056431005 -0.0002485928 
-0.006392739 -0.006853097 
0.0128195025 0.012572126 
-0.031563733 -0.0318286 
0.026302263 0.026265156 
0.00015320128 0.00022290731 
-0.043415476 -0.043475233 
0.03600985 0.036027625 
0.06850298 0.06875518 
-0.023275403 -0.023017045 
0.018793158 0.018803071 
0.008107787 0.007478308 
-0.063327305 -0.06307073 
-0.013482993 0.0040232185 
0.009177728 -0.008202736 
-0.0013189497 0.011627072 
-0.002841024 -0.002820879 
0.04938227 0.049246218 
-0.01643631 -0.016637716 
-0.011060609 -0.01121715 
0.003669164 0.0034715347 
0.0003782306 0.00027284215 
0.014355658 0.014441212 
-0.015076557 -0.01522252 
0.0072579123 0.0072824378 
-0.027373325 -0.027329735 
0.0010048078 -0.005024688 
0.028447201 0.02863835 
-0.00820943 -0.008274222 
-0.020204205 -0.020136667 
-0.003201397 -0.0033353984 
0.019810325 0.019697811 
0.0022183792 0.0022383663 
0.010494153 0.0104573965 
-0.0012009662 0.004761276 
-0.0013297055 -0.0011462416 
0.0057330285 6.3768864e-05 
0.004479031 0.0047217207 
-0.0055355392 -0.005710775 
-0.011390214 -0.011272413 
-0.006104508 -0.0003826328 
0.009491028 0.009268873 
2.3165274e-05 5.4200667e-05 
-0.027659357 -0.027622202 
-0.013525203 -0.0136790415 
0.04076753 0.041231718 
-0.054954663 -0.054765712 
0.055640902 0.055071373 
0.01756809 -0.022257118 
0.015215955 0.015113505 
-0.022716291 0.015553288 
0.0041690683 0.0041563194 
0.009571532 -0.0061307615 
-0.00828641 -0.008202572 
0.079379514 0.07943083 
-0.0050985236 0.011455328 
0.030375551 0.03010807 
0.02193154 0.02195385 
-0.038520627 -0.038418688 
-0.0037601858 -0.0035621764 
-0.019917738 -0.019800683 
0.004913594 0.005075866 
-0.010211343 -0.010075418 
-0.0018841083 -0.0021139567 
0.02522168 0.02521111 
0.015315284 0.015374365 
-0.027593689 -0.027619526 
0.0026036447 0.0021305243 
0.051707447 0.051587768 
-0.0070383768 -0.007210715 
-0.021792524 -0.021852512 
0.008062021 0.007940771 
0.011441498 0.011404025 
0.01976606 0.019766947 
0.00030059682 -9.598364e-05 
-0.03649952 -0.03639703 
-0.017282026 -0.017233921 
-0.0019630636 0.0029858525 
-0.013470181 -0.013509891 
0.033633303 0.03360757 
-0.004465581 -0.0043559563 
-0.0033348068 0.013469478 
-0.03535362 -0.035123423 
0.04123646 0.041357663 
-0.009671484 -0.009617096 
0.0047260225 0.0045880354 
-0.08412204 -0.08407266 
-0.004271346 -0.0039763376 
0.018583162 0.018702334 
0.07623355 0.07614239 
0.010749675 0.010941325 
0.01574625 -0.0023752407 
-0.064768694 -0.06499684 
-0.024701353 -0.024783056 
0.00013514607 7.295804e-05 
-0.04884361 -0.049040202 
0.056007087 0.056092504 
-0.018077847 -6.292513e-05 
-0.016183952 -0.016559258 
0.028554007 0.028454237 
0.0009825527 -0.014969514 
-0.00092890376 0.011233992 
-0.010369922 -0.010436302 
0.016658053 0.0027689652 
-0.022980427 -0.023012573 
0.034471765 0.03578715 
-0.0028099057 -0.0028881454 
0.0067819227 0.0066456855 
0.0031809572 0.0030879737 
-0.036182623 -0.035843037 
0.05715909 0.056857232 
-0.006162531 -0.0065652095 
1.3818253e-05 0.00020819665 
0.024275355 0.023617933 
0.012289605 -0.016306235 
0.0043733693 -0.0051178844 
-0.017001227 0.01437642 
-0.008575293 0.0009398971 
0.016145183 0.016794557 
0.010942557 0.011198451 
-0.015484638 -0.015537183 
0.001875384 0.0019026377 
-0.00045016108 -0.00043467135 
-0.004626696 -0.004615116 
0.0036453656 0.0036420266 
-0.0017067682 -0.0016773988 
0.0048053004 0.004796506 
0.0005595191 0.00060482713 
-0.0010859375 -0.00096055464 
0.008819984 0.0088104075 
-0.008479782 -0.0084596295 
8.549291e-05 4.009195e-05 
0.0026911958 0.0026833666 
0.0011336204 0.0012655722 
0.00616073 0.0061659343 
2.1494012e-05 -0.0015828335 
-0.0024627878 -0.002457437 
-0.0009767802 0.000948585 
-0.003409169 -0.0034318883 
0.0017014565 -6.1351257e-06 
-0.006053444 -0.0060507236 
-0.004979686 -0.009377117 
0.00010073454 9.991889e-05 
0.009846396 0.00912219 
-0.008556998 -0.0071335137 
-0.015913753 -0.015834907 
0.019874971 0.019764397 
-0.0232009 -0.023371993 
0.0035023028 0.0039124344 
-0.0012637152 -0.0011084825 
-0.005367687 -0.00077008165 
0.013398751 0.013594266 
-0.005114138 -0.0051012617 
0.0016109216 -0.0032021527 
0.0017246427 0.0015379349 
0.006606621 0.0059240833 
-0.011247022 -0.01129578 
-0.0026997374 -0.0031927186 
0.0058106175 0.0012704346 
0.004282355 0.009183601 
-0.0010721381 0.003489182 
-0.010882558 0.009936798 
0.054495446 0.054374326 
-0.07811054 -0.07798206 
0.014316797 0.014449275 
-0.023588529 -0.023406496 
0.13701428 0.13672552 
-0.036038604 -0.036162037 
-0.1569945 -0.15720306 
0.02446846 0.024676956 
0.0065234727 0.0065582353 
-0.013946077 -0.014004851 
-0.11452317 -0.11443693 
0.100860216 0.10080239 
0.074983455 0.07522502 
3.2874377e-05 3.7060225e-05 
-0.05401575 -0.054095745 
0.18390143 0.18420404 
0.038143326 0.038038585 
-0.006207937 -0.006414219 
0.010840354 -0.010383905 
0.0022642775 0.0023194647 
-0.023754952 -0.023906983 
0.079928435 0.08012535 
0.022382455 0.022414314 
0.0073245936 -0.0069193384 
-0.047928147 -0.047955807 
0.043149848 0.0434995 
-0.09643089 -0.09631294 
-0.0026937863 -0.0027716614 
-0.034104332 -0.033989426 
0.008174481 0.00815878 
-0.06650203 -0.066545136 
0.031478666 0.031435538 
-0.015583825 -0.015445004 
0.014771157 0.014758158 
-0.0072164056 0.006747025 
0.11711125 0.11713441 
-0.0085758725 -0.008713159 
0.05899337 0.058643844 
-0.14317629 -0.14318755 
-0.014008438 -0.014048292 
0.066949375 0.06720252 
-0.058183208 -0.05762348 
0.008034056 0.007559989 
-0.17768492 -0.17784154 
0.017340023 0.018019196 
0.000518062 0.00033103372 
0.09664879 0.09637068 
-0.03863383 -0.03926708 
-0.11327161 -0.11379675 
0.033132985 0.0004467492 
0.02987071 0.030974703 
-0.03221159 0.0006900485 
-0.08273792 -0.082583 
0.18395628 0.18404871 
-0.024443597 -0.025195463 
-0.007833181 0.018629225 
0.046422217 0.046978123 
-0.005983667 -0.0055340645 
0.008024306 -0.022594193 
-0.016602058 -0.017471602 
0.0011805322 0.00088100997 
-0.099485874 -0.09949336 
0.042536344 0.04224057 
0.0642876 0.064809866 
0.024385963 0.025606848 
0.13317107 0.1332762 
0.038629044 -0.04291507 
-0.02939062 -0.030766597 
0.01133594 0.0112698125 
-0.007007975 0.020988623 
-0.040389843 0.043260694 
-0.13825372 -0.13836484 
0.09361951 0.093501806 
-0.06909615 -0.0689974 
0.0064915437 -0.020746836 
-0.0071177534 -0.006088072 
0.028120544 -0.0030305325 
-0.04726872 -0.046985008 
-0.02956195 0.0025206518 
-0.0049853837 0.004872943 
-0.020035587 -0.01997655 
0.021280311 0.021256106 
-0.010043026 -0.010012349 
0.049737263 0.04975265 
-0.052200545 -0.052219607 
0.006788889 0.0067674397 
-0.006112349 -0.0062107462 
-0.036842596 -0.036821354 
-0.014551263 -0.014511431 
0.0031078022 0.003130874 
0.036564738 0.036863185 
0.015654825 0.015699243 
8.6535736e-05 6.312176e-05 
0.07404885 0.07350354 
-0.027040012 -0.027068183 
0.028235612 0.028046986 
0.005342983 -0.005104865 
-0.0027482521 -0.0027271258 
0.010961105 0.01096875 
-0.051030207 -0.051443696 
-8.944786e-05 4.2118016e-05 
0.07605301 0.07557566 
0.014005829 0.012954948 
-0.028912682 -0.00730878 
-0.0952053 -0.09551008 
-0.012978017 -0.013622817 
0.05251911 0.052823793 
0.00601591 0.005676087 
0.10225243 0.102345124 
-0.035975132 -0.03573216 
0.03644762 0.03652521 
0.008978537 -0.012804172 
-0.12948604 -0.12875904 
-0.07182091 -0.07152278 
0.13983017 0.14004804 
-0.021688461 -0.024315923 
-0.0061462065 -0.0056547606 
-0.0030233571 0.017664254 
0.023236647 0.022961399 
0.022880724 0.026703702 
-7.252649e-05 -8.8365196e-05 
-0.10349572 -0.10329491 
-0.026254099 -0.026624866 
0.06836628 0.06889385 
0.09229018 0.091831714 
-0.055059947 -0.055198204 
0.12373539 0.12401992 
-0.007789123 -0.0071113217 
0.02747593 0.009587237 
0.006735754 0.0058154496 
-0.039357033 -0.038892537 
0.051114965 0.051014405 
-0.016750311 -0.015959794 
-0.07569536 -0.075872205 
0.013137654 0.015223323 
-0.14069133 -0.14092578 
0.0052816747 -0.015325609 
0.036606096 0.036130562 
-0.009633867 0.011338241 
0.004299341 0.0037793904 
-0.009815295 -0.010889678 
0.047159802 0.048003934 
0.021579267 0.0070558502 
-0.026162652 -0.025698429 
-0.04977579 -0.049789455 
-0.00013714573 -6.463732e-05 
-0.016857842 -0.018546447 
0.004471076 -0.010295588 
0.034832507 0.034245048 
0.009553525 0.009636739 
0.09600955 0.09631484 
-0.019101106 -0.0065457495 
-0.035995495 -0.036278795 
0.015552109 0.017349532 
0.06568966 0.06532863 
-0.0031311947 0.012604231 
-0.0049184156 -0.0042669754 
-0.07213563 -0.07217379 
0.024212236 0.024800159 
0.07059427 0.07057944 
-0.0067797666 -0.0067821816 
-0.07399264 -0.07403311 
0.026213627 0.026196469 
-0.0442233 -0.0441993 
0.18654065 0.18644089 
-0.12837376 -0.12843125 
-0.023138162 -0.023083894 
-0.18087356 -0.1806194 
0.053165015 0.05319966 
0.015803345 0.015815875 
-0.09660577 -0.09648303 
0.09331259 0.0933516 
-0.05765552 -0.05762778 
-0.0144926645 -0.014510114 
-0.03288867 -0.03292861 
0.12925732 0.12935393 
0.007119313 0.0070988964 
-1.084269e-05 -1.13111455e-05 
0.038453028 0.038446493 
-0.0033308724 -0.003003075 
0.0008387742 0.00075513066 
0.0048255874 0.0041725175 
0.016881201 0.016878493 
-0.0008732949 -0.00086553744 
-0.009745143 -0.009769612 
0.01003201 0.009947544 
0.0040698885 0.0007951445 
-0.006709842 -0.0067096725 
-0.00064991094 0.0028283186 
0.0017800075 0.0018110358 
0.0031361436 0.0060358304 
-3.5065932e-05 7.1545855e-08 
-0.0034327945 0.00018493635 
-0.0018621867 -0.0019559618 
0.0029309685 0.003112163 
-0.0017043939 -0.004464075 
0.0015344357 -0.0020958271 
0.006851262 0.0067028757 
-0.0048029604 -0.004637462 
-1.3286139e-05 -1.0593314e-05 
0.018217936 0.018230682 
-0.012053595 -0.012090688 
-0.02012807 -0.020128774 
0.0057137893 0.0057318024 
0.029572634 0.029563181 
-0.033658117 -0.033631314 
0.011055625 0.011021788 
-0.0062039755 -0.006178997 
0.0034103175 0.00350354 
-0.025668748 -0.025714274 
-0.0017436139 -0.0017413596 
0.014304643 0.014315365 
0.0015819726 0.0015274951 
0.03883809 0.038854238 
0.023158224 0.023174483 
-0.0037942433 -0.0038490978 
-0.01584002 -0.015806967 
-0.008933949 -0.008909677 
0.00823436 0.008217771 
-0.026941821 -0.026777633 
0.0031852636 0.0032302197 
0.040394083 0.040134333 
-0.013081122 -0.013027756 
0.023475291 0.023648072 
-0.003615959 -0.0036253524 
-0.06300849 -0.06303334 
0.011769081 0.011749857 
-0.04771628 -0.04769394 
0.06904655 0.06886633 
-0.019325852 -0.019410808 
-0.006148219 0.0061255284 
0.006512524 -0.006114594 
-0.007920961 -0.007914456 
0.0071814777 0.0071822563 
0.017268702 0.017210716 
-0.035651516 -0.035758052 
0.030997789 0.031068264 
0.052584317 0.0527723 
-8.548252e-05 -0.0001131138 
0.017001413 0.016958011 
-0.002737302 -0.0031250473 
-0.00012867071 -0.00013056703 
-0.013634324 -0.0140650505 
0.0023484775 0.002656474 
-0.026191002 -0.02639664 
0.03066773 0.030831937 
0.0065235165 0.004100208 
-0.004358613 -0.008193501 
0.003236308 0.0076982044 
-0.0036346081 0.0021207326 
0.01236233 0.012562767 
-0.019257987 -0.018903472 
0.008946534 0.008540317 
0.022830209 0.022771465 
0.043068517 0.042964965 
-0.0071369247 -0.004571118 
-0.037595194 -0.037442807 
0.0032432051 -0.002673564 
-0.00997666 -0.009500613 
0.0018514494 0.0018350009 
-0.0052341935 -0.0052118134 
0.0017349982 0.0070491442 
-0.0075156055 -0.0076178988 
0.017332803 0.017528027 
-0.0013822493 -0.0014473755 
-0.01364894 -0.013744459 
0.012929418 0.012852828 
0.0066918614 0.0062395716 
-0.0051094885 0.0037169333 
-0.02537965 -0.025386825 
-0.010416746 -0.010270535 
0.031870402 0.03196434 
0.0045698574 -0.004281382 
0.009370119 0.009412983 
-0.0031553719 -0.0032008255 
0.0041684094 0.003677229 
-0.018281545 -0.018319001 
0.023334794 0.023165861 
7.383098e-05 0.00010347023 
-0.005539823 4.676392e-05 
0.009119053 0.00892558 
-0.028408704 -0.028420826 
-0.00012549134 7.508366e-05 
0.013519561 0.013703883 
-0.01406857 -0.014150626 
0.0024359901 0.0022618256 
0.025813911 0.025907027 
-0.0021684722 -0.0024391646 
-0.0012086614 -0.0071514854 
0.019414492 0.019268358 
-0.04417545 -0.044124782 
-0.020475425 -0.020531887 
0.007034634 0.0027775017 
0.0027859746 -0.0021893492 
-0.005820992 -0.005304138 
0.0045148125 0.0063006696 
-0.0012840782 0.004086002 
0.03622664 0.03600642 
-0.0093561 -0.009240435 
-0.008556907 -0.008683724 
0.0010851157 0.00084835605 
0.014535014 0.014585405 
-8.174724e-05 -5.7256697e-05 
0.0036723162 0.0037289667 
-0.0041602324 -0.0042428053 
-0.027577953 -0.027613962 
0.030238353 0.030331688 
-0.017943824 -0.017991668 
-0.006200006 -0.00611866 
0.020733912 0.02061397 
0.010361156 0.010344827 
-0.012199665 -0.012084806 
-0.0013776051 -0.0010807455 
0.00013277018 0.002661678 
0.0074731694 0.007490147 
0.0024388416 0.0020751378 
0.0054050763 0.005389746 
-0.0027352434 -0.0025162934 
1.1289584e-05 -0.0026082303 
-0.0031793287 -0.0025311203 
0.0055138376 0.004749661 
0.023723325 0.023867074 
-0.01983037 -0.019886145 
0.017830199 0.017306756 
-0.009974927 -0.0041077104 
-0.01446467 -0.0142838685 
-0.027559415 -0.027566245 
0.007409645 0.009109694 
0.0025539137 0.0019755624 
0.013238135 0.007379808 
0.0020755134 -0.004357536 
-0.009396154 -0.010458909 
-0.00022237189 -8.093004e-05 
0.011880199 0.013752933 
-0.039637197 -0.039523344 
0.045174744 0.044607762 
0.032249 0.032567203 
-0.001037951 0.0053277845 
-0.005279774 -0.0065331464 
0.0049630036 0.0050587836 
-0.028153688 -0.028082915 
0.022182476 0.022257805 
-0.005955947 -0.0059704217 
0.014923592 0.014747797 
-0.01878589 -0.018494882 
0.0441562 0.044268344 
-0.041584253 -0.04143844 
-5.0169772e-05 -3.8942177e-05 
-0.011405699 -0.011306926 
-0.002024867 0.01807695 
0.01566894 -0.0032513945 
0.009160327 0.0091119995 
0.0021192997 0.002016676 
-0.002445998 -0.0023537616 
-0.014469201 0.0036252895 
-0.0032718766 0.0045465236 
0.0035492266 -0.004068543 
0.0018499591 -0.016169272 
0.031000566 0.030887103 
-0.0015976707 0.0013170576 
0.006035924 0.0060124 
-0.010054163 -0.010091885 
-0.0040254174 -0.004035035 
0.020277567 0.020187069 
0.0029612747 0.0029083034 
-0.0002738173 -0.00028247436 
0.008178513 0.008135474 
0.0006492807 0.0006700467 
-0.0057426593 -0.00572653 
-0.0026127275 -0.002590829 
0.0016973687 0.0017500822 
-0.0013281933 -0.0013786575 
0.004300029 0.0043602004 
-0.013087677 -0.013121868 
0.014434592 0.014481829 
-0.007718517 -0.0077089183 
0.010748914 0.01079117 
0.0015362698 -0.0013400329 
-0.01757095 -0.017505536 
-0.0016929419 -0.0015757895 
0.007973027 0.008688434 
7.165976e-05 8.076257e-05 
-0.010742136 -0.010357598 
0.03911018 0.03909866 
-0.02834128 -0.028488388 
0.017933382 0.017986497 
0.004168992 0.005195015 
-0.0036026866 -0.0043701795 
-0.041589152 -0.041352835 
0.0021405874 0.0019285125 
0.025935076 0.025891118 
-0.014872264 -0.015197998 
0.003531704 -0.005115361 
-0.020727469 -0.020543756 
-0.0031408488 0.005528089 
-0.0066680694 -0.007409947 
0.007858248 0.0029451884 
0.012600318 0.012430554 
-0.0070986287 -0.0015807496 
-0.022261718 -0.022131044 
-0.004960937 -0.0049221665 
0.024256663 0.024146738 
0.0022924568 0.0026772704 
-0.03124815 -0.031236898 
0.04639354 0.04628798 
-0.009325788 -0.009658138 
0.01707251 0.016997874 
-0.060360357 -0.060294855 
0.012205528 -0.014142673 
-0.003100345 0.012919902 
0.03360631 0.03365756 
-0.015148659 -0.015279965 
0.0067691463 0.0061809495 
-0.0016438408 -0.00055061065 
0.011306326 0.011078172 
0.003528002 -0.0041069454 
0.065708995 0.06567012 
-0.015663743 0.005042601 
-0.04293566 -0.042967536 
0.0037647213 0.0037340678 
-0.010621667 -0.010627063 
0.029814666 0.029819319 
-0.0016429368 -0.001636052 
0.019083941 0.019091306 
-0.025480065 -0.025476068 
-0.041113317 -0.0411098 
-0.007055364 -0.007053562 
0.0014865088 0.0014920238 
0.0145939775 0.014582984 
0.010401373 0.010403589 
-0.032030802 -0.032032985 
0.04899141 0.04900484 
-0.019831344 -0.019832354 
0.036195617 0.036184512 
-0.0039786953 -0.0039889594 
0.024241796 0.024239492 
-5.4022687e-05 -5.335513e-05 
-0.014968514 -0.0149687 
0.006749233 0.0067725563 
-0.0053763324 -0.0006537711 
0.018352937 0.018230423 
0.0001697816 0.00044923462 
-0.022958849 -0.023090214 
-0.011107735 -0.011086028 
0.0088998135 0.008963294 
0.035856567 0.035931323 
-0.0460668 -0.046085767 
-0.0041409642 -0.004979106 
0.005604011 0.005679836 
0.025536932 0.025500052 
-0.0704827 -0.070473865 
-0.001507576 -0.0021905468 
0.013000026 0.013044055 
0.054266013 0.054250877 
-0.03166523 -0.031501215 
0.002253576 0.0033695365 
-0.016001899 -0.015997479 
0.0047105826 -0.00034333815 
-0.007561379 -0.0074578323 
-0.0012796144 -0.0013607234 
0.0034265 -0.0033945092 
-0.012403879 -0.012490412 
0.019582672 0.01963033 
-0.0058211065 -0.005927135 
0.014491446 0.014432969 
-0.022672324 -0.022742374 
0.0022647881 0.0019944508 
0.0105060795 0.010538272 
0.026527297 0.026652023 
-0.008879031 -0.008817665 
0.0048540714 0.004200488 
-0.003124454 -0.0036444631 
-0.0051679 0.0005014852 
0.00021362037 0.005527803 
0.007202297 0.0072946516 
0.036865007 0.03667765 
-0.033027664 -0.032889005 
-0.01683718 -0.016771588 
0.00017888044 0.0002805307 
0.007516871 0.0076927594 
-3.105339e-05 -0.000101707374 
-0.023496874 -0.023401922 
-0.0052935993 -0.0050998535 
0.020772463 0.020760125 
0.004117811 0.005133391 
0.05521733 0.055284098 
0.01106645 0.011049726 
-0.016831007 -0.016838668 
0.028089933 0.02798564 
-0.03336275 -0.03349678 
-0.0024941517 -0.0023190363 
0.0069104857 0.0010910378 
-0.008419744 -0.008364415 
0.015193482 0.01523181 
0.037741974 0.037865583 
0.0017986342 -0.0066857343 
-0.012150523 -0.012174258 
0.0019432516 0.0020771904 
-0.0047600744 0.0042596795 
0.017865345 0.01752641 
0.0035932353 0.003213547 
-0.027102295 -0.02731508 
-0.0067785224 -0.009177914 
0.032679647 0.03262904 
-0.059880644 -0.059847537 
-0.003752161 0.004618041 
0.024364345 0.024452424 
0.01167405 0.012986556 
0.0036926437 -0.0047065066 
-0.038410865 -0.038223643 
-0.0039712545 -0.0036334721 
0.006311798 0.008302122 
-0.013221253 -0.013797977 
0.065743275 0.06572728 
-9.66572e-05 -9.812163e-05 
-0.011859259 -0.005777527 
-0.01965984 -0.01945488 
0.044299208 0.04436821 
0.012029595 0.005311007 
0.008114583 -0.0038327747 
-0.030244876 -0.029335035 
0.09356289 0.09414962 
0.025089214 0.025635775 
-0.010748446 -0.013208812 
-0.053112973 -0.053022247 
0.04699234 0.047049284 
0.009266669 0.018861769 
-0.07330304 -0.07321018 
0.03458148 0.03443709 
-0.010723162 -0.0006344951 
-0.020407002 -0.02333555 
-0.03957708 -0.039902624 
-0.00024462445 -6.2658464e-06 
-0.019570801 -0.014206957 
-0.0047497954 -0.0065480936 
0.0039400086 0.005899617 
0.06302077 0.06321593 
0.011715047 0.00937 
0.019309228 0.01647321 
-0.013634108 -0.013709189 
5.791564e-05 6.647674e-05 
0.008644851 0.008627432 
-0.004794562 -0.0048423577 
0.0036266542 0.0036023906 
0.017480431 0.01751052 
0.008193161 -0.0016259947 
-0.0122546 0.0125727365 
-0.007078931 -0.0070395507 
0.0058579864 0.0059263925 
0.0016704629 0.0015942317 
-0.0075130276 0.00233167 
0.010300179 -0.012692648 
-0.0029442054 -0.0029056198 
0.01224839 0.01227939 
-0.0012572667 -0.0011820578 
-0.019401522 -0.019429332 
-0.009856499 -0.009869499 
-0.0017497081 0.0064788656 
0.0022176572 -0.0056434744 
0.001682266 0.0016792043 
-0.0005356918 -0.0005336111 
-0.006471708 -0.0064928452 
0.0032932858 0.0032720761 
0.012505346 0.012522887 
-0.003593258 -0.0035989159 
0.009178313 0.009193535 
0.00045619562 0.00045771676 
-0.0018245713 -0.0018288387 
-0.008433279 -0.008442938 
-2.98715e-05 -2.8828767e-05 
-0.0048432737 -0.004829922 
0.0042591235 0.0042608627 
-0.011541769 -0.011533425 
0.0070847757 0.0070909434 
0.0024148037 0.0024188475 
-0.0011327465 -0.0011362449 
0.0010357299 0.0010339571 
0.005478317 0.0054929215 
-0.002638132 -0.0026246163 
-0.00042156733 -0.00042347924 
0.0057475856 0.005746316 
-0.010032447 -0.010049675 
-0.003815613 -0.0038293006 
0.0012183526 0.0012184422 
0.013376565 0.013376478 
-0.002708288 -0.0027022653 
0.009641568 0.009639179 
0.0005154857 0.00051471737 
-0.0063183666 -0.006330042 
-0.0018171093 -0.0018134763 
0.0044018626 0.004412059 
-0.0010362415 -0.001036255 
0.002094544 0.0020905568 
-0.005029633 -0.0050215363 
-0.013947071 -0.013928113 
-0.00806385 -0.008041588 
1.2576715e-05 1.3861021e-05 
0.00747545 0.0074724075 
0.0031596848 0.003150726 
-0.0006866313 -0.0006302288 
0.001535667 0.0013999727 
-0.0039101476 -0.000990754 
0.003921691 0.004532926 
-0.009864349 -0.009892478 
-0.0069179926 -0.0068777166 
-0.0016561082 -0.0017368743 
0.011645494 0.011499902 
-1.002754e-05 -7.795535e-06 
-0.00028716947 0.00286511 
0.008168581 0.008367605 
-0.0028946155 -0.0032714044 
0.0025984994 0.002757905 
0.0061156084 0.0058367327 
0.0162903 0.016867261 
0.00057870627 0.00057049474 
-0.0047336887 -0.004786485 
0.0046842075 0.0018036355 
-0.015085639 -0.014877439 
0.0012798078 -0.002003838 
-0.017236691 -0.017212164 
9.078887e-06 1.8035436e-05 
0.03340387 0.033396177 
-0.039097834 -0.03907981 
0.018946117 0.01895344 
0.041349854 0.04135153 
-0.047123313 -0.047131985 
-0.01031028 -0.010380699 
0.06393347 0.06398249 
-0.07030373 -0.070329554 
-0.024480445 -0.024469115 
0.0058477866 0.0059068613 
0.050539237 0.050516933 
0.026090553 0.026128624 
-0.056350525 -0.056359027 
-0.0014291933 -0.0014464931 
-0.031729154 -0.03174037 
-0.0053709336 -0.0053461166 
0.01172121 0.01172003 
0.0015697672 0.001505244 
-7.92965e-06 2.0414167e-05 
0.005012635 0.005065502 
-0.0030659027 -0.002962769 
-0.006250364 -0.0061959852 
0.002062444 0.0020034234 
0.010012749 0.009986622 
-0.0018131218 -0.0018542417 
-0.0125203645 -0.012531683 
0.0033947653 0.003349376 
0.007174716 0.007144353 
0.0060754176 -0.0015635935 
-0.0008453417 -0.0008299246 
-0.0037699519 0.0010886057 
0.0008170086 0.0010360186 
0.013990596 0.014032851 
-0.0009142519 0.004700452 
0.00077621295 -0.0045232163 
-0.0043999637 -0.0044728424 
0.0018060429 -0.00080328586 
-0.008721125 -0.008740263 
-7.9320766e-05 -8.712562e-05 
0.00084240176 0.00083362684 
8.92242e-05 9.472648e-05 
-0.000840471 -0.0008415023 
-0.0003257087 0.00045163196 
-0.00046702384 -0.00046409774 
0.00047815728 -0.0002754941 
0.0021595927 0.0021679539 
2.197639e-06 2.117757e-06 
-0.0014034467 -0.0014036344 
-0.0002286139 -0.00022711241 
0.00048083768 0.000469403 
0.0003062128 0.00016415892 
6.98413e-05 -0.00041613815 
0.0013602355 0.0013618524 
7.502628e-05 0.00037288296 
-0.00012916754 0.00014234333 
-0.00041916303 6.036708e-05 
-0.0022583762 -0.0022698084 
0.00016444505 -0.00011712781 
0.018424852 0.0038306562 
-0.0034496903 -0.0035710915 
-0.02928001 -0.029225323 
0.03065109 0.030354895 
-0.0012540242 0.010319061 
-0.00042652973 0.00019073205 
-0.060150143 -0.06081627 
-0.013836376 -0.012728037 
-0.041292574 -0.04154428 
0.012589391 0.013898355 
0.020655636 0.021068877 
-0.0075485096 -0.007844855 
0.007634885 0.0073688 
0.058443893 0.05912031 
-0.011143991 0.00068182364 
0.0040655644 -0.004960357 
-0.020425508 -0.020072907 
0.0034377156 0.0030859993 
-0.0044369074 -0.018351778 
0.041953694 0.042168647 
0.006337084 0.005442248 
-0.014853248 -0.016358256 
0.049314495 0.049373418 
-0.039337963 -0.03933077 
0.022477398 0.022982074 
-0.090941705 -0.0905124 
-0.006557543 0.009640095 
0.012829791 0.013982958 
0.114913814 0.11589339 
0.033895478 0.0339855 
0.028037187 0.00034556066 
0.013634853 -0.033515956 
-0.026116109 -0.026380815 
-0.0002940953 -0.00022811483 
-0.0074010836 -0.0069784597 
-0.026485853 -0.00052126206 
-0.009864499 0.034183346 
0.006562643 -0.009563028 
0.07034534 0.07040823 
-0.058880106 -0.059299905 
-0.0061034216 -0.0060279337 
0.038365986 0.03851613 
0.0073188483 0.0073411516 
-0.03612821 -0.036169708 
-0.0025107015 -0.0023959198 
-0.01698868 -0.017448667 
0.05379606 0.0535455 
0.0030667118 0.0033119388 
0.020958869 0.005088038 
0.018288722 0.020047635 
-0.010517275 -0.011145386 
0.0069224243 -0.0033773605 
-0.050825648 -0.050726343 
-0.025403813 -0.02556782 
-0.0061380267 0.010802051 
-0.018678999 -0.0029175163 
0.000108499255 0.00022802872 
0.0035618427 -0.016942346 
0.027719462 0.027371312 
0.011906541 0.013142325 
0.0020732956 0.011731584 
2.9469982e-05 -2.6885733e-05 
-0.008174076 -0.007993839 
0.004995163 0.0051075113 
-0.01734811 -0.017548563 
0.0015055579 -0.005548444 
0.018933376 0.01884794 
-0.012692763 -0.01189793 
0.0020897454 0.002326505 
-0.025764056 -0.02529118 
-0.004735455 -0.004931348 
0.008597037 0.008589018 
-0.0022789717 -0.002020226 
0.02872939 0.02854758 
-0.004881521 -0.013530083 
0.0143951075 0.004495925 
-0.0033165351 0.0038264748 
0.012905979 0.013433459 
0.006089566 -0.00052307785 
-0.0103251105 -0.0013647298 
-4.124125e-05 -4.4060096e-05 
0.086042 0.08603834 
-0.093087636 -0.093087934 
0.015498724 0.015574893 
-0.030310858 -0.030274149 
0.038714737 0.03882662 
-0.17027241 -0.17027418 
0.15048048 0.15051219 
-0.067717135 -0.06772334 
-0.010072933 -0.010093107 
0.003562397 0.0035485302 
-0.01859416 -0.018588955 
0.008716992 0.008671709 
0.059216995 0.059224416 
-0.1254397 -0.12545545 
0.202897 0.20289676 
-0.004234373 -0.0041970415 
0.025357408 0.025320418 
0.116522 0.11651491 
-0.046021763 -0.04606882 
0.009433873 0.009431875 
-0.01595781 -0.015966607 
8.421942e-05 3.1402786e-05 
0.018241992 0.018243602 
0.006596422 -0.006664696 
0.041477233 0.041400492 
-0.025880933 -0.025940437 
-0.0025638195 -0.0026549438 
-0.012038238 -0.011906356 
0.030985707 0.031083649 
0.0058941003 0.005900755 
-0.043066874 -0.043051433 
0.0028580306 0.002792972 
-0.020545088 -0.020501073 
-0.008481045 -0.008507701 
-0.032986213 -0.032987334 
0.013635893 0.013468624 
0.023796545 0.023825737 
-0.005445486 -0.0054355646 
-0.0053540743 0.0053200386 
-0.010839599 -0.0103619015 
0.030109959 0.02989353 
-0.07442139 -0.074484184 
0.05904947 0.058917027 
0.005272971 0.00560437 
-0.027859602 -0.02786364 
-0.05519675 -0.055094786 
0.080607556 0.0806549 
0.011514985 0.012435187 
0.042748947 0.042766403 
-0.018397098 -0.017995398 
-0.040247727 -0.040461555 
-0.013661384 0.016484639 
-0.10014302 -0.10012703 
0.019826563 0.020124562 
0.00024910856 0.00020472179 
0.018258063 -4.3148175e-05 
0.0056287465 -0.020095795 
0.110287674 0.11026816 
-0.0047590216 -0.004584257 
-4.164227e-05 -2.2946384e-05 
-0.045954894 -0.04646468 
0.06271344 0.061863918 
0.02128102 0.019793022 
-0.011965799 -0.012555892 
-0.08690729 -0.086926796 
0.11924506 0.11953003 
0.0441036 0.04560873 
-0.032902848 -0.032052778 
0.004826648 0.0049972218 
0.08604222 0.08570971 
-0.12229973 -0.12229766 
-0.063249394 -0.064051725 
0.0014161911 0.026289975 
0.032423057 0.03081198 
-0.020746637 -0.021744477 
-0.023443341 0.0020090654 
0.012264796 0.011107394 
0.010134476 -0.01757924 
-0.0052985298 -0.0052454323 
-0.0033488665 0.008327883 
-0.04332062 -0.043343816 
-0.00012910971 -8.6340035e-05 
0.03725597 0.037430253 
0.013318375 0.013762585 
-0.02271981 -0.022708055 
0.06665339 0.06653276 
0.0036168087 0.0033721551 
-0.08730235 -0.087271884 
-0.031498395 -0.031395033 
-0.015378798 -0.015457988 
0.027539887 0.027646918 
0.09539033 0.09541982 
0.0041798917 -0.0065795416 
-0.004517295 -0.0039985734 
-0.060179245 -0.060317863 
0.019962724 0.019836785 
0.050294403 0.050030224 
0.008461775 0.00768211 
-0.009330865 -0.009311933 
0.0013609788 0.001349289 
-0.046100013 -0.045972053 
0.03822961 0.03811353 
-0.0013911745 -0.0013872975 
-0.013649028 -0.013499728 
0.029179806 0.02924338 
-0.028555013 -0.028697468 
0.008154095 0.008198688 
0.05593364 0.056089476 
-3.8476628e-07 -2.2650488e-07 
-0.0043116934 -0.0042752777 
0.0043695597 0.004358427 
-0.037228372 -0.03723134 
-0.007847778 -0.0079526035 
-0.05527605 -0.05522473 
-0.020442039 -0.020709172 
0.021166576 0.021215407 
0.06593551 0.065265276 
0.0139602125 0.014050579 
0.04669635 0.046972044 
-0.002643042 -0.0029803663 
0.012640511 0.01281476 
-0.00065966026 0.0052089943 
-0.023051823 -0.022946605 
0.048532173 0.04855688 
-0.015556376 -0.015562016 
0.0026295024 -0.0047574365 
-0.01018069 -0.010047672 
0.036956158 0.036893673 
0.0260394 0.026021658 
0.0077317436 0.009001552 
-0.03237984 -0.032264456 
0.01828502 0.018551765 
0.002475446 0.0018150103 
0.011408893 0.004103448 
-0.005890216 -0.0064924005 
-0.00017763053 -7.6666125e-05 
0.0049916767 0.004895232 
-0.0066062594 -0.00097142824 
-0.044987015 -0.04494282 
-0.001700008 -0.0014432742 
0.0044494467 0.0042915535 
-0.009248061 -0.009002996 
0.021508424 0.021436684 
0.0069009596 0.007037887 
4.365986e-05 0.00039499975 
-0.028055616 -0.02802368 
-0.0035792452 -0.0036534157 
0.030896831 0.030972257 
-0.0024328842 -0.008214178 
0.014914469 0.014886434 
0.008347812 -0.0011717533 
0.0022345155 0.001971623 
0.0013365614 -0.0027664474 
-0.012915419 -0.013020991 
0.010178229 0.010285198 
-0.006459061 -0.0058515714 
-0.00048313796 0.006159591 
-0.018585635 -0.018587112 
-0.0062215957 0.0007601411 
0.014950985 0.013834602 
-0.0031360567 -0.0035410398 
-0.0047514294 -0.011957316 
-0.044680417 -0.044546414 
0.040859815 0.040848937 
0.0039004004 0.004330029 
-0.012874397 -0.011806175 
-0.008184061 -0.0065223374 
0.009416358 0.007699164 
0.058054633 0.058086935 
0.029050265 0.029265607 
0.0001502219 0.00013987371 
-0.017473435 -0.017810674 
-0.06281902 -0.06286004 
-0.03280078 -0.032772146 
0.00609446 -0.0030196959 
0.020772636 0.020856421 
0.006011219 0.013581204 
-0.0053391154 0.003991295 
-0.0242831 -0.024098843 
-0.0135082165 0.0019883274 
-0.020657057 -0.020558916 
0.018562052 0.018881897 
-0.0038253749 -0.0038879958 
0.019719588 0.002082925 
0.03602696 0.036468726 
-0.008330112 -0.008560965 
-0.029012842 -0.028870016 
0.0030944801 0.003214449 
-0.05996094 -0.06017329 
0.012263778 0.012809197 
0.05256849 0.052612245 
-0.00039375876 2.1769622e-05 
-0.0010046472 -0.019846624 
0.026236314 0.026341533 
-0.014367521 -0.013788469 
-0.0026092213 0.013443388 
0.007545053 0.0071986937 
-0.04077161 -0.040572908 
0.0051331706 -0.005305407 
-0.004057422 -0.004425162 
0.01561912 0.015552038 
-0.03201463 -0.03203591 
0.0028826634 0.0032905298 
0.031246508 0.031710964 
-0.016780272 -0.016931709 
0.056272194 0.056626294 
0.0062315217 0.00672502 
-0.011616105 -0.011516013 
0.0005263809 0.00048738782 
-0.04184573 -0.041959357 
-0.005739415 0.0023088732 
-0.056791518 -0.05654301 
-0.007372597 -0.0075548477 
0.01044776 0.010567391 
0.04248357 0.04227384 
0.0077478588 -0.0003949404 
0.022427047 0.02220512 
-0.0014212494 -0.0016699426 
-0.023564344 -0.023361403 
3.2167554e-05 -1.805207e-05 
0.0031453194 0.0037323544 
-0.0049358867 -0.004952641 
-0.009111242 -0.009070132 
-0.0021378112 -0.0018892896 
0.0068993946 0.0069804015 
0.0018099842 0.0021184448 
0.017210977 0.017352292 
-0.0033073334 -0.003375584 
-0.017334612 -0.017304163 
0.0037885646 0.0016544845 
0.005104216 0.0050030043 
0.012410112 0.01234693 
-0.0009209013 -0.0008244738 
0.0009755481 0.0007902023 
0.00023916902 -0.0021772394 
-0.0009884295 0.0012863901 
0.009231824 0.009186609 
-0.012269131 -0.012316792 
-0.0067950874 -0.0067907134 
0.0012636246 0.001125825 
-0.011857173 -0.011865467 
0.018716773 0.018716656 
-0.0035704793 -0.0035844506 
0.0075652045 0.0075221285 
-0.035681527 -0.03572625 
-0.02651368 -0.026489872 
-9.773277e-05 -0.00018362483 
0.03556808 0.035561513 
0.010556677 0.010586285 
-0.0058628595 -0.0058364864 
0.0029378268 0.0028774804 
0.024760889 0.024716435 
-0.015614893 -0.015627334 
-0.02015218 -0.020135589 
-0.0016468255 -0.001733903 
-0.008652179 -0.008683965 
0.014249653 0.014216373 
-0.0023607004 0.0027109825 
0.0049619526 0.005006163 
-0.0034114076 -8.223011e-05 
0.005996123 0.005142208 
6.847729e-05 0.00011569362 
-0.007604909 -0.007649691 
-0.0033792246 -0.003096545 
0.0011229819 0.0009647872 
0.002440644 0.0056517357 
0.003932114 0.00058341713 
-0.0008093614 -0.0006997104 
-0.0008783014 0.0025084 
-0.0062357667 -0.0034532268 
-0.0111881625 -0.011254636 
-0.004576445 -0.0056504565 
0.0078029754 0.008117314 
0.0013204546 -0.0018336199 
0.0118480595 0.011746417 
-0.0011555083 -0.0043746084 
0.0020362318 0.002403198 
0.003894944 0.0034112975 
-0.0017294562 -0.0019113705 
-0.003906506 -0.0038819327 
-0.0004433365 -0.00042088894 
0.012785683 0.01275196 
-0.020228034 -0.020215154 
0.02277287 0.022646526 
-0.0084951315 -0.0084171835 
0.004633255 0.0046892627 
0.0027483408 0.0027159585 
-0.027746292 -0.027708868 
0.004463544 -0.0046090363 
-0.00449993 0.004415483 
0.032265674 0.03231085 
-0.002036865 -0.0020594813 
0.016885545 0.016966928 
-0.011352033 -0.011418842 
-0.015053082 -0.01502477 
0.0010458666 0.0010492296 
-0.005978099 -0.006043528 
0.009494041 0.009509741 
0.0068724467 0.006822567 
-0.028757224 -0.028859045 
8.641694e-05 5.5067772e-05 
0.015305136 0.015312219 
-0.010178865 -0.0101806745 
0.020094786 0.020082073 
0.005140787 0.005117604 
-0.0042655896 -0.004394294 
0.0472103 0.047280297 
0.034499373 0.034563165 
-0.017287195 -0.017337255 
-0.055328555 -0.055280264 
0.008254486 0.008256675 
-0.007248941 -0.0072179893 
0.002341662 0.0023379968 
-0.037639394 -0.03754783 
-0.022463877 -0.022443173 
0.026332445 0.026320472 
-0.01353769 -0.013461649 
0.011587803 0.011612354 
-0.0019373694 -0.0017905381 
7.979653e-05 5.5319073e-05 
-0.0018784482 -0.0019848538 
0.0070087938 0.006955401 
0.0030917618 0.0032267259 
-0.0072226473 -0.007074635 
0.00056428264 0.0007299699 
-0.00022914437 -0.0013946394 
-0.002914967 -0.0030741328 
-0.0036170701 -0.00046801876 
0.004611719 0.004584985 
0.00059651793 -0.0035332541 
0.0001267163 0.0030446812 
0.0013091356 -0.0002676485 
-0.0005141473 -0.0004352233 
-0.004571423 -0.0044565215 
0.0013284883 0.0013036687 
-0.001283586 -0.0010401115 
0.0037816765 0.00025983536 
0.0021411048 0.002092223 
-0.0011415444 0.0008622295 
0.012234303 0.012210169 
-0.008570382 -0.0029038377 
-0.013045787 -0.012851461 
-0.0038130707 0.0043102303 
0.034250807 0.034309156 
-0.0048173675 -0.0057502943 
0.0018718989 0.0022614768 
-0.03743872 -0.037447404 
0.008952438 0.0074164667 
0.0047273044 0.0048010405 
-0.002579686 -0.0022713488 
-0.018403722 -0.018303268 
0.002189426 -0.0057574436 
0.02388505 0.023770463 
0.004677386 0.010038695 
-0.0085310275 -0.009223658 
0.017153708 0.017207785 
-0.02537441 -0.025483122 
-2.4142773e-05 -0.00013545348 
0.005954442 -0.00070195016 
-0.0076984474 0.0016773489 
-0.026808133 -0.0268657 
0.030309996 0.030407954 
-0.008386305 -0.00872218 
-7.038872e-05 -0.00019395111 
0.016451357 0.017433299 
0.052548733 0.052215517 
-0.06732565 -0.06753054 
-0.047529552 -0.047435697 
0.012681234 0.011407499 
-0.013710602 -0.013682482 
0.0030060725 0.003928622 
0.072840475 0.073129185 
-0.03565553 -0.035750423 
0.0070006964 0.008422187 
0.0231406 0.022913752 
0.039586004 0.039504357 
0.008205802 -0.0003983818 
-0.0035075925 -0.0045795175 
-0.01966667 -0.01962953 
-0.003312371 -0.0033179314 
0.01667599 0.016763011 
-0.020029495 -0.020069063 
0.0066690412 0.0066959886 
-0.011189626 -0.011192264 
-0.002004736 0.0033891173 
-0.005562694 -0.00552994 
0.040867344 0.042013828 
-0.015140096 -0.01511478 
0.021241663 0.021251658 
0.0021084687 0.002055365 
-0.02616437 -0.026166525 
0.00016470405 0.00016470531 
0.002617977 -0.0026873783 
-0.0014539069 -0.0013462347 
0.012777805 0.012788336 
0.026995784 0.027115345 
0.009542166 0.009519242 
-0.008028564 -0.008060269 
0.004331841 0.0042656697 
0.026213797 0.02630326 
-0.006655235 -0.0074171685 
0.008766875 0.007532296 
-0.023059651 -0.02356312 
0.0005578804 9.799465e-05 
-0.04314923 -0.043132856 
0.01869839 0.01914243 
0.036268882 0.03631245 
0.0034963118 0.004465792 
-0.013338291 -0.004533547 
-0.010533123 -0.013067088 
0.014290983 0.012289199 
-0.031655703 -0.031510234 
-0.0035815523 -0.0026375102 
-0.0051127854 0.0056970753 
0.009038466 -0.0012002735 
-0.017430108 -0.016376061 
0.050124 0.050137814 
0.0017744951 -0.008199921 
0.0053873262 0.014397688 
-0.016901437 -0.017368894 
0.0025439863 0.0024338996 
0.021903262 0.022751955 
-0.020367537 -0.0027365112 
-0.0032273927 -0.0030298857 
0.010114256 0.0104610445 
0.045602378 0.04621385 
-0.03529704 -0.034761712 
-0.000201331 -0.00020993421 
0.07036241 0.06907866 
-0.011115644 -0.011872194 
-0.0241449 -0.024799006 
-0.0046613407 0.0076183476 
0.022331808 0.005341014 
-0.006953497 -0.0068420116 
0.01520061 0.015987964 
-0.05063534 -0.051384058 
0.032153938 0.031684685 
0.0061813476 0.005911423 
0.0051782746 -0.0074321944 
0.00025490095 0.0002598923 
-0.009690718 -0.009561536 
0.05056848 0.050591476 
-0.056753926 -0.056650884 
0.018022718 0.017800342 
-0.031643223 -0.031580824 
0.101001315 0.10096162 
-0.075169004 -0.07522084 
0.0053568417 0.0053142444 
0.03643376 0.0363038 
-0.022957353 -0.022962395 
-0.04263906 -0.042703424 
-0.010397504 0.011711869 
-0.106277116 -0.10632923 
-0.0042467476 -0.0043279696 
0.02610151 0.026248882 
0.07152772 0.07159423 
0.011091692 0.0111193145 
0.011528954 -0.010785237 
-0.015684355 -0.015755165 
-0.0392524 -0.039309546 
0.0025793726 0.0021450662 
-0.015095659 -0.015170634 
0.024880392 0.024850516 
-0.006640043 -0.006001685 
0.013426862 0.0134168845 
-0.01055621 -0.010276432 
-0.00013514103 -0.0001795107 
0.00580937 0.005250345 
0.047436494 0.047573034 
-0.00018521161 -0.009921317 
0.018415775 0.018512929 
-0.0030854936 -0.0027101855 
-0.0011493677 0.008308942 
0.0149672255 -0.0084374035 
-0.02826417 -0.028159302 
-0.016759302 0.01184661 
0.033807263 0.03381456 
-0.020889243 -0.020767296 
0.009148395 0.009170664 
0.0027817094 -0.006569793 
0.019278692 0.019336792 
-0.029067542 -0.029080337 
0.048462994 0.048714485 
-0.014843279 -0.014725744 
-0.0001252252 3.7311154e-05 
-0.03828638 -0.038295038 
0.097094156 0.096749745 
0.013352659 0.013301692 
-0.06682016 -0.06683957 
0.02677632 0.026929466 
0.065345034 0.06527117 
-0.021395592 -0.02141801 
-0.004878927 -0.0036493668 
-0.09787184 -0.097889766 
-0.009086618 -0.009209143 
0.036412045 0.036157414 
-0.05019369 -0.050226893 
0.008245921 0.008120539 
0.0034504733 0.0038856752 
0.013112841 0.013142581 
-0.029157627 -0.02919779 
0.055520948 0.055536155 
-0.0049882364 -0.004622546 
-0.07170848 -0.07166946 
0.042892218 0.042927086 
0.07016986 0.07011629 
-0.04119388 -0.04123628 
0.031447303 0.031573426 
-0.019186132 -0.019117896 
0.0005024676 0.0005525216 
0.005684182 -0.006979895 
-0.0942347 -0.09455102 
0.12205872 0.12215661 
0.021675048 0.021394106 
-0.055148955 -0.05504876 
0.006564216 0.006227859 
0.087600075 0.08760216 
-0.005707463 0.007817766 
-0.011101998 -0.011115059 
0.00032075442 0.00031720736 
-0.11183782 -0.11182956 
0.14598554 0.1459836 
0.07538951 0.075388394 
-0.06625434 -0.0662851 
-0.15035713 -0.15035479 
-0.010257659 -0.010257637 
0.029545553 0.029581845 
-0.044101037 -0.044094637 
0.12458465 0.12458498 
0.012349464 0.012342934 
0.004985763 0.004990925 
0.16953716 0.16953567 
-0.13204235 -0.13204727 
-0.022833262 -0.022827085 
0.052457243 0.052447133 
-0.08890175 -0.08889085 
0.09951769 0.099534675 
-0.1710792 -0.17108047 
-0.003988428 -0.003985986 
0.010905768 0.0111021865 
-0.0065120147 0.007550147 
-0.02394242 -0.024113314 
0.031132419 0.031182973 
-0.0073444084 -0.0069330763 
-9.287263e-06 -5.446883e-05 
-0.011969933 -0.011598964 
-0.043664247 -0.04356003 
0.022908585 0.023030745 
0.061763156 0.061681837 
0.0103964135 -0.003232471 
-0.0633584 -0.06344385 
0.0028423346 0.0029220008 
0.04204908 0.042022057 
0.01645188 0.01639738 
0.0064402455 0.0066447295 
-0.017012587 -0.01706964 
-0.032266755 -0.03224178 
0.0004658892 -0.0110815205 
-0.0032959115 -0.0030582866 
-0.005968018 -0.005951875 
0.0055984478 0.005557714 
0.046727095 0.046746355 
0.0013963066 0.0013639033 
-0.032832086 -0.032817602 
-0.014227689 -0.01417122 
0.01903747 0.019074209 
-0.0034945593 -0.0035073431 
0.008691848 0.008686023 
0.02816702 0.028180534 
-0.009335019 -0.009350049 
-0.02107754 -0.021088336 
-7.086269e-05 -4.8121816e-05 
0.0032098913 0.0032453896 
-0.0027577686 0.00279633 
-0.0015775319 -0.0015641961 
-0.04632049 -0.046288136 
0.0027082732 -0.002676376 
0.03755481 0.037531875 
0.013064628 0.013029881 
0.03365256 0.0340702 
-0.015518696 -0.018242504 
0.0046623144 0.004953209 
-0.07177177 -0.07099761 
0.08753564 0.087470785 
-0.00817101 -0.008726411 
-0.05331471 -0.054077063 
-0.026454011 -0.027899824 
0.047985334 0.04851022 
0.012926217 0.012404464 
-0.025450712 -0.0038284748 
0.0011772581 0.02374958 
-0.0016749703 -0.0012741472 
0.0232467 0.021421932 
0.06676522 0.066240475 
-0.115692005 -0.11619347 
0.110095344 0.109922364 
-0.09277896 -0.09303668 
-0.039551225 -0.03832654 
0.015734917 -0.0068224734 
-0.009178598 0.0011498866 
0.0005919677 -0.0096611455 
0.017062942 0.017224625 
-0.013949126 -0.013979643 
0.034752045 0.034773193 
0.003245517 0.0032761663 
-0.009412786 -0.009284089 
-0.019602146 -0.019701606 
-0.054313317 -0.05406707 
-0.0055563827 -0.005511404 
0.011596654 0.011545535 
-0.037345685 -0.037439726 
0.024579236 0.024514753 
0.051593397 0.05156991 
0.00019163336 0.00014981983 
0.0070922757 0.007023571 
-0.027267635 -0.027279602 
-0.002412937 -0.0024135162 
-0.0016342347 0.009092616 
0.009139235 -0.001908834 
-0.00014328328 -0.0001566368 
0.018439362 0.01801623 
-0.0365523 -0.03660196 
-0.005352691 -0.016366614 
0.04322364 0.043009147 
0.0077628577 0.0074106734 
-0.0037408664 -0.0041285274 
-0.019676147 -0.01943347 
-0.052657302 -0.052727602 
0.0032303655 0.0036497796 
-0.008690663 -0.007959634 
0.024906596 0.025104372 
-0.014083214 -0.013031008 
-0.007509984 0.0044947923 
0.013176102 0.0117777595 
0.0600545 0.059758075 
-0.026875554 -0.027075535 
0.007481868 -0.00455715 
0.005152497 0.016443305 
0.032912366 0.032979783 
0.010208165 0.010096126 
-0.013032312 -0.0012942412 
-0.028443685 -0.028262168 
0.03965671 0.039648835 
0.00053676276 0.0005363563 
0.026690356 0.026655553 
-0.012614986 -0.012397549 
-0.058574755 -0.05860493 
-0.0027960427 -0.0028260571 
0.016996557 0.01769426 
-0.004830076 0.0058779134 
0.01765787 0.003754893 
0.0027773276 0.01581787 
-0.041667096 -0.041700985 
0.004746416 0.004613997 
0.006121602 -0.004846107 
-0.018883193 -0.01912681 
0.05567626 0.05581572 
-0.001688472 -0.013531647 
-0.007013842 -0.0070436727 
0.0016219154 0.001635793 
-0.0053776065 -0.005415883 
0.018092575 0.01804415 
-0.015177741 -0.0152616715 
-0.0023940245 -0.002411303 
0.041922525 0.041295562 
0.0074260687 0.007395763 
0.0034829304 -0.0025950875 
0.026687631 0.026620544 
-0.00021636735 -0.00022809289 
-0.023410097 -0.02332512 
0.0018171358 -0.011758828 
-0.009422004 -0.009487573 
-0.011665383 0.0014427003 
0.0040476066 0.0041223243 
-0.002940449 0.013277722 
-0.0029142904 0.0031552487 
0.011913677 0.012151071 
-0.036403663 -0.036766477 
0.013488792 -0.0018735819 
-0.010058566 0.00892032 
0.010855332 0.0108646015 
-0.013642074 -0.01358175 
0.00010963627 9.418316e-05 
0.021218011 0.021260794 
-0.009767638 -0.00983349 
-0.0021881796 -0.0016024027 
0.004667224 0.0046009626 
0.029931037 0.02997466 
-0.024928516 -0.024983052 
-0.006738496 -0.006729726 
-0.01865346 -0.018618591 
0.0024933775 0.001946969 
-0.0007628954 0.0037728564 
0.0008299385 -0.0036148478 
0.015252098 0.015239045 
-0.0042116623 -0.0041277576 
0.009464657 -0.008349926 
0.00744478 0.007458353 
-0.0340186 -0.03401744 