
3.6869158e-05 5.3701406e-06 
-5.4525783e-05 6.22689e-05 
2.6877892e-06 -1.7173381e-06 
-0.000101876074 -9.257698e-06 
0.00038368412 -0.0003567069 
-4.9964483e-06 0.00013917992 
-5.1553037e-05 -0.000102495775 
-0.00015507411 0.00013095966 
-2.5196472e-05 1.312133e-05 
0.00023092548 7.5757125e-06 
-2.5695403e-05 -2.7745022e-05 
0.00015410571 0.00021326717 
2.1415484e-05 -4.9581824e-05 
9.261575e-05 -3.2777833e-05 
1.3262568e-05 3.8399176e-05 
-0.00029141537 0.00038855337 
-0.0002371565 -9.89018e-05 
0.00010195093 -0.00013930399 
8.107073e-05 6.61548e-05 
-4.5607132e-05 -0.00026707118 
-3.2483193e-05 -3.211542e-05 
0.014203536 0.014290114 
-0.01663602 -0.016720382 
-0.0042214324 -0.004349216 
0.0033799175 0.0037900887 
-0.007316916 -0.0077280146 
0.010021349 0.009706448 
0.002050281 0.010903931 
0.0030587516 -0.013873397 
-0.0029068491 0.0030296776 
0.0018501475 -0.0037128779 
-0.0020047482 -0.0018402357 
-0.011594481 -0.011912865 
0.0075959195 0.00085634197 
0.0015709338 0.0014190112 
0.02100008 0.021042297 
0.017552713 -0.0010007599 
-0.011448417 -0.0015460724 
0.006490661 0.0063013 
-0.010788578 0.011842075 
0.007029917 0.0070452513 
-0.003069708 -0.0030171196 
-0.021659309 -0.021654926 
0.04166494 0.041691985 
-0.010092252 -0.010050439 
0.013959328 0.013911347 
0.0020521847 0.0020443043 
0.02425613 0.024227193 
-0.0074077346 -0.0073982533 
-0.03620499 -0.03621419 
-0.0012193864 -0.0012542789 
0.0044273525 0.0044199796 
-0.027719636 -0.027718926 
-0.005093451 -0.0051293634 
0.010246239 0.010268101 
0.018518673 0.01855311 
-0.016888935 -0.016908303 
-0.013128891 -0.013111866 
6.628983e-05 6.873638e-05 
0.031757228 0.03167655 
3.0372703e-06 6.047544e-05 
-0.040306266 -0.035986394 
0.0386418 0.04141294 
-0.024572602 -0.025432765 
0.038478237 0.01649352 
-0.110352494 -0.10927485 
0.114158414 0.11224599 
-0.029008618 -0.0047385446 
0.015066229 0.014418304 
0.0099267345 -0.013613602 
-0.024326436 -0.048838817 
-0.075150095 -0.076179035 
0.056746133 0.05619122 
-0.0036665834 0.016862368 
-0.05504419 -0.053876206 
0.07812134 0.07920167 
0.006473664 0.00579732 
-0.013502497 -0.014929051 
0.023708569 0.027665662 
-0.006191836 -0.005617817 
-0.011997914 -0.014233942 
0.0104892505 0.021898659 
-0.050325725 -0.050084762 
-4.210895e-05 5.45664e-05 
0.050844755 0.051043317 
-0.029470958 -0.029455546 
0.029946204 0.030729657 
0.014783113 0.0117242215 
0.08690341 0.087096184 
-0.015574326 -0.0018302506 
-0.064365216 -0.06481387 
0.03998801 0.039524015 
-0.005271449 -0.006530471 
-0.038787894 -0.038957443 
-0.020984834 -0.020622691 
0.0052226745 0.007111396 
0.01053902 -0.0041357386 
0.023192247 0.020871237 
-0.08788359 -0.08731251 
0.06513969 0.06536267 
6.704646e-06 6.037178e-06 
-0.0049481043 -0.004756507 
0.00054812396 0.005445044 
0.0046098754 0.00017940323 
-0.002946821 -0.003185099 
-0.0017630536 0.0016535788 
-0.011118309 -0.011352753 
0.0010280435 -0.002540908 
-0.0058637913 -0.000962495 
0.011923191 0.011322897 
0.003252946 0.0032010253 
0.00082466187 0.0007026303 
-0.0072648614 -0.0070572626 
-0.00073193153 -0.00072720065 
0.008619584 0.0045613507 
-0.0018586207 -0.001685339 
-0.0020130926 -0.0069611236 
0.0066378945 0.0082444865 
0.001744246 0.0018880204 
0.004957746 0.0050630695 
0.0027515918 -0.003417029 
-0.004074144 -0.003970368 
0.001714768 0.0017078535 
0.022297088 0.02221794 
-0.006897702 -0.0069237165 
0.010148569 0.010170705 
-3.3461874e-05 1.70873e-05 
-0.001846106 -0.0017213017 
-0.010200007 0.017489083 
0.019839734 -0.018485015 
-0.016098132 0.0058821286 
0.0065721422 0.006835298 
0.0054373955 -0.014229357 
-0.003626298 0.0047455966 
0.014893264 0.014944807 
-0.02312671 -0.023080142 
-0.0154420985 -0.015355103 
0.012631591 -0.0038263747 
-0.010519913 -0.010582932 
0.0039752866 0.003859059 
8.644082e-05 8.3598774e-05 
0.020185847 0.020130958 
-0.031689934 -0.03153766 
0.091051534 0.0908347 
0.045371074 0.04551764 
-0.011710375 -0.011687849 
-0.06286794 -0.06293002 
0.0065199747 0.0063883285 
-0.049221255 -0.049109172 
0.03632107 0.036166947 
0.07114498 0.07146872 
-0.0016004414 -0.0015783883 
-0.005515794 -0.0055899243 
0.0020821912 0.0021005676 
-0.024411121 -0.02451116 
-0.017967513 -0.017973643 
-0.03970376 -0.039844602 
0.027920673 0.028004497 
0.012985423 0.013150611 
0.05650666 0.056305055 
0.00030885893 0.00027273392 
-0.0035716605 -0.0036004751 
0.0070018023 0.0070143873 
-0.00026545624 -0.00030179715 
0.0014691111 0.0014571504 
-0.007033933 -0.006974408 
0.0035668465 0.0035836876 
-0.015571993 -0.015511095 
-0.0007656437 -0.0007787886 
0.01590864 0.015693082 
2.5423267e-06 -1.4680372e-06 
-0.0024125746 -0.0023687668 
0.0024383962 0.0023949738 
-0.0050520124 -0.0050931494 
-0.010581586 -0.010738982 
0.0050571715 0.00505411 
-0.0014565163 -0.0014582165 
0.00078314234 0.0007795753 
0.009814839 0.009905015 
-0.00053217786 0.00051526166 
-1.09687135e-05 -9.866748e-06 
0.009240492 0.00917401 
-0.031160915 -0.031173091 
-0.005588464 -0.0056303428 
0.016574534 0.01654304 
0.0048239133 0.00470147 
-0.015771676 -0.015767602 
-0.0022446085 -0.002229385 
0.0018250303 0.0018885413 
-0.008013437 -0.007975719 
0.0066545447 0.006786433 
-0.0037620373 -0.0037676687 
0.012433512 0.012456774 
0.030019406 0.030025218 
-0.00093634037 -0.00094599556 
-0.022796666 -0.022764988 
-0.011274213 -0.011256594 
0.022788191 0.02279567 
0.0007962113 0.00076794875 
0.0031547043 0.003173918 
0.002869161 0.0029070387 
-0.00032280656 -0.0026032294 
-0.0005862013 -0.0005928058 
0.008443733 0.008370379 
-0.003801943 -0.0040079653 
0.000692075 0.0007405517 
-0.013581727 -0.013664277 
0.017041512 0.01701709 
-0.0071783387 -0.007291396 
0.004299676 0.00434527 
2.7774786e-05 1.3390572e-05 
0.0016203522 0.0017671967 
-0.0016000805 -0.0013242756 
-0.005520492 -0.0054200403 
0.0023631568 -0.00019576505 
0.006073887 0.006035301 
-0.0027616797 -0.0024497206 
0.011708969 0.011657704 
-0.0013465094 0.0017018301 
-0.009605412 -0.009544523 
-1.3199334e-05 -1.3845478e-05 
0.014291788 0.014250851 
-0.03438675 -0.034396973 
-0.0066787913 -0.006298569 
0.026168285 0.02612844 
-0.025616867 -0.025515778 
0.044996656 0.044898298 
0.0054607047 0.005688533 
0.019995494 0.020067936 
-0.0025972303 -0.002367776 
-0.017593151 -0.017592393 
0.010342135 -0.0055985115 
-0.00748053 0.006858626 
0.009521684 0.0096152965 
0.06280237 0.062562905 
0.0011048084 -0.008762358 
-0.049008816 -0.048952784 
0.03395298 0.03395047 
0.002192899 0.002105367 
-0.011511832 -0.011479988 
-0.012301772 0.000601548 
-1.2947411e-06 6.56009e-05 
0.018738395 0.018332273 
-0.065135434 -0.06530862 
0.048749153 0.04924412 
0.0076881414 0.0071692844 
-0.023159834 -0.023239762 
-0.0064687347 -0.006916719 
0.012912269 0.011937869 
0.0695201 0.069202505 
-0.046220873 -0.04612791 
-0.002901336 -0.002940392 
-0.016620288 -0.016454197 
0.03550734 0.035177335 
0.007301637 -0.0059543806 
-0.032302614 -0.032245353 
-0.010857098 -0.011543606 
0.0023709196 0.015788008 
0.025696253 0.025950642 
0.0031339074 0.0034404136 
1.0604994e-05 9.987016e-06 
0.013013341 0.013053622 
-0.0084131975 -0.008338299 
-0.019952798 -0.019967854 
0.049711 0.049834497 
0.0032673418 0.0032754175 
0.031006323 0.031015586 
-0.0029340794 -0.002936703 
0.040026136 0.040089328 
0.0058582015 0.005856152 
-0.033706397 -0.03370896 
-0.0155858835 -0.015550342 
-0.0011844479 -0.0011814777 
0.017719323 0.017766101 
-0.005308586 -0.0053184764 
0.009120048 0.009063996 
0.0014029493 0.0013990533 
-0.025743714 -0.025808332 
0.024014574 0.023940042 
-0.011742364 -0.0117889615 
-0.0063795075 -0.006379123 
0.0005598167 0.0005484783 
0.005867889 0.005877713 
-0.002475172 -0.0024365804 
-1.4897106e-05 -1.3366587e-05 
0.0033487848 0.0033079695 
0.015127046 0.015090509 
-0.01327908 -0.01314943 
-0.008759631 -0.008678775 
0.010761195 0.010792674 
-0.004826622 -0.004831304 
-0.00066823873 -0.000644937 
-0.0036317548 -0.0036349448 
0.0080277305 0.008010481 
0.0044624396 0.0044604708 
0.0013870103 0.0013360386 
0.0022710552 0.0022043814 
-0.00058707147 0.0032614365 
-0.0015102542 -0.0014544147 
0.0014692828 -0.0026805568 
7.6639815e-05 7.3587675e-05 
-0.059487596 -0.059048735 
0.02156149 0.021392122 
-0.024826348 -0.024940712 
0.05418314 0.054529916 
-0.0077986727 0.006348383 
0.008622514 0.008608869 
0.03004695 0.030148875 
0.041008018 0.040906854 
-0.08022621 -0.080877334 
-0.0448527 -0.044693213 
0.07309756 0.07257174 
0.014402385 0.014462494 
-0.017694386 -0.017673885 
-0.00703263 -0.00707769 
-0.033832632 -0.033694804 
0.0038223625 0.003883176 
-0.011831053 -0.011852796 
0.0074934657 -0.0070594777 
-0.0030322855 -0.0031041012 
-3.4316105e-05 -3.0988027e-05 
0.04015669 0.04012368 
-0.019817885 -0.019867718 
0.023499347 0.023437964 
-0.008810078 -0.00876245 
0.012098427 0.011998434 
0.07018803 0.06999276 
-0.014048672 -0.014017118 
-0.034959 -0.034982163 
-0.0041269134 -0.004145988 
0.0034613386 0.003427091 
0.0074179308 0.0075001665 
0.05249569 0.052664768 
0.017363448 0.017379576 
-0.008333604 0.008696974 
0.008456321 -0.008350252 
0.111153014 0.11060709 
-0.026622223 -0.026586218 
0.030724326 0.030758105 
-0.048168473 -0.048163883 
-0.0023709405 0.0002002692 
0.000243763 0.0061921244 
-0.0055718175 -0.0054418715 
0.0035670812 0.00030482322 
0.0011871143 -0.0010850129 
0.0026492865 0.0030147021 
-0.0062918696 -0.00091563386 
0.008674811 0.00865174 
-0.009463058 -0.009397409 
-0.0006255534 0.0022870917 
-8.679685e-05 6.9781294e-05 
0.00717899 0.002049241 
0.0048466115 0.0056460155 
-0.0010434597 -0.0013160617 
-0.0010834562 -0.007398099 
-0.0039871163 0.0034319824 
0.004059847 -0.0033593704 
0.00020175755 -0.003574136 
-0.0029419377 -0.0029982338 
0.0011908951 0.0010830913 
0.0066664885 0.0066697565 
-0.0016369476 -0.0016342899 
-0.032120146 -0.032238167 
0.029613353 0.029691007 
-0.010923994 -0.010920368 
0.082024895 0.08196179 
-0.061478257 -0.061348785 
0.05644785 0.056441605 
0.0015326595 0.0015401884 
0.015487437 0.015480242 
-0.02346572 -0.023461007 
-0.044427972 -0.044361126 
-0.016457135 -0.016456472 
-0.003756834 -0.003776125 
0.04131994 0.041293513 
-2.3406556e-05 -2.7782462e-05 
-0.00682602 -0.0067955977 
0.021876467 0.021837994 
0.0036246583 0.003628277 
0.010478786 0.010478582 
-0.00029685136 0.004078212 
-0.013556973 -0.013566313 
0.016578201 0.016560748 
-0.025932292 -0.025942313 
-5.597044e-07 -5.612628e-06 
0.008963877 0.008914349 
-0.006437164 -0.006509864 
0.029787995 0.029710807 
0.0038571157 0.0034106297 
-0.0018175796 -0.0014777916 
-0.018810406 -0.018744996 
0.012380552 0.012444794 
-0.040312108 -0.040283456 
0.005970118 0.006058798 
-0.009620209 -0.009617978 
0.04917642 0.049300637 
0.021904042 0.021910053 
-0.0041250973 -0.0036419635 
0.0017397153 0.0013812142 
-8.271077e-05 -0.0045129885 
-0.0013688481 0.002309316 
0.008388081 0.0084557785 
-0.014529644 -0.014526729 
0.0019984066 0.0016432694 
-0.005574072 -0.0055767447 
0.020701844 0.020762768 
0.00595421 0.005818555 
0.0036328284 0.0038166826 
0.01555059 0.015489763 
0.0014611753 -0.0021721523 
-0.019362686 -0.01933535 
-0.0108773615 -0.010841527 
-0.0018447182 -0.0015572774 
-0.0035137685 -0.0035537237 
0.011525848 0.011554808 
1.8439388e-05 2.6827984e-05 
0.028940016 0.028912779 
-0.027019918 -0.027006617 
0.043309588 0.043249942 
-0.007911157 -0.007960033 
3.023404e-05 -7.0476635e-06 
0.006934661 0.0068390016 
-0.02676589 -0.026676515 
-0.009255061 -0.009278804 
-0.0016698801 -0.0018721975 
0.018839281 0.018986069 
0.009921385 0.009932291 
-0.056644443 -0.056599043 
0.013740283 0.0136399735 
0.0039603617 0.004602613 
-0.0040736673 -0.0036747642 
0.051516935 0.051487032 
-0.01805462 -0.018002503 
-0.006588579 -0.006208155 
0.0017799163 0.0020201486 
0.0052650664 0.00033459737 
0.028587092 0.028461317 
-0.0035215414 0.002321294 
-0.0010875377 -0.006987019 
-0.012914133 -0.012862803 
-0.00333104 -0.0032908022 
0.045006376 0.044892356 
-0.056142148 -0.056030896 
0.022402195 0.022535665 
-0.028723106 -0.028997775 
0.000111750895 0.00012185825 
0.08683675 0.08666816 
0.0039469977 0.0038600152 
-0.007716808 -0.0076560164 
-0.02032317 -0.020149225 
0.0147963865 0.01465971 
-0.013174483 -0.013333946 
-0.07845533 -0.078712314 
0.008734683 0.00879349 
0.03213236 0.0321485 
-0.04021366 -0.04007314 
0.0632099 0.063276075 
0.11934472 0.12000772 
0.004624521 -0.0045000273 
-0.004374278 0.00486042 
-0.010776179 -0.01074613 
-2.1129772e-06 -9.091376e-06 
0.013471947 0.013421547 
0.0050627445 0.00507211 
-0.005069865 -0.0050870976 
-0.025374932 -0.025359886 
0.028470803 0.02846655 
0.0029459393 0.0029304964 
0.010352899 0.010342364 
0.0012327031 0.0012395927 
-0.014536822 -0.014632035 
-0.0077072224 -0.0076394593 
-0.0012742134 -0.0012807994 
-0.035837125 -0.03586124 
0.017077675 0.017171675 
0.007591296 0.0075762128 
-0.019197088 -0.01912804 
-0.002951376 -0.002933786 
0.021797106 0.0218743 
0.037942696 0.037936594 
-0.0016700558 -0.001669566 
0.005770806 0.005632957 
-0.009665117 -0.00962874 
0.035042606 0.03511211 
-0.0016242138 0.0088699125 
0.012247241 0.012240371 
-1.8592451e-05 -1.275202e-05 
-0.018626897 -0.018624218 
-0.0038175206 -0.0038300224 
0.02434169 0.024364786 
0.0072423997 -0.0068402253 
-0.01370307 -0.013750519 
-0.03409991 -0.03423857 
-0.00969153 0.0048046866 
0.008610995 0.0085494025 
0.017015174 0.017052773 
0.0014647464 0.0014238618 
0.003416099 0.003351736 
-0.00643784 -0.0065300977 
-0.025543878 -0.025424113 
7.170765e-05 8.333326e-05 
-0.027187409 -0.027271295 
0.022777963 0.022790365 
-0.008725146 -0.008742736 
0.06318864 0.06315353 
0.009908402 0.009917368 
-0.06435674 -0.06442597 
0.01532809 0.01532104 
0.0026796889 0.002669144 
-0.002314058 -0.0023518794 
0.086815916 0.0868205 
-0.013116453 -0.0131570585 
-0.0052083856 -0.0051528485 
-0.038184833 -0.03827686 
0.046849836 0.04678121 
-0.08679002 -0.086637944 
0.0058864066 0.0058871866 
-0.01898669 -0.01888212 
0.033321273 0.03337736 
-0.05153672 -0.051550176 
0.0045536896 0.0044476157 
-0.05398798 -0.05403494 
0.07808632 0.07794537 
-0.025708383 -0.025712114 
0.018355533 0.017713971 
0.01023038 -0.012888896 
-0.0037276156 -0.0037099232 
0.02799129 0.027916254 
-0.03755196 -0.037453942 
0.10244 0.10272137 
-0.10175209 -0.10181432 
0.010827298 0.0098900935 
-0.00092259975 0.018899828 
-0.015948068 -0.016639395 
0.040395364 0.04032479 
0.058317162 0.05822487 
-0.07535874 -0.075399525 
-0.018914334 0.0014542036 
-0.008939917 -0.009428031 
0.00017036345 0.00029260735 
-7.6319986e-05 -0.0001099012 
0.018226523 0.019899005 
-0.013726984 -0.015557122 
0.03739429 0.038001627 
-0.018419463 -0.007148156 
-0.008865005 -0.008172247 
-0.030338908 -0.030329438 
0.011995467 0.013197583 
0.027254436 0.02644618 
0.055532113 0.05549767 
-0.04296369 -0.04276221 
-0.0035283638 -0.0042581297 
0.0011153494 0.0146675045 
-0.0073258528 0.0026142974 
0.007086807 -0.0028648656 
0.019515013 0.0072937715 
0.0028428184 0.0038826927 
-0.0019610485 -0.014005925 
-0.021594495 -0.021792436 
0.007921685 0.007052893 
2.7852584e-06 2.7059286e-06 
0.009206318 0.009205371 
-0.010450914 -0.0104483785 
0.015567853 0.0155687155 
-0.0024193365 -0.002419032 
0.0049801697 0.004979078 
-0.005628177 -0.005626853 
-0.018368997 -0.018368416 
0.002199372 0.0021991609 
-0.014101796 -0.014103403 
0.0004883419 0.00048884447 
-0.0076710717 -0.0076723373 
-0.00047882297 -0.00047897798 
0.012120031 0.012122559 
0.006907408 0.006906231 
0.019556714 0.019557044 
0.0012061009 0.0012059418 
-0.003950993 -0.003951864 
-0.0012746017 -0.0012743768 
0.0034659393 0.0034667032 
0.0019081321 0.0016768656 
-0.0010264548 -0.0008966259 
-0.0034769545 -0.0034809457 
1.4361798e-05 8.036646e-06 
0.00521067 0.005137461 
0.0004351851 0.00049463176 
-0.007661988 -0.007680154 
-0.0015429261 -0.0017812648 
-0.0049220235 -0.004934329 
0.0036283315 0.0036669453 
0.007768763 0.007832088 
0.0006154609 0.0018531962 
-0.00017948977 -0.0015341042 
-0.0022490793 -0.000914523 
-0.0024661063 -0.0025081856 
-0.00038518518 -0.00039497286 
0.0009388183 -0.00044243212 
0.0011524365 0.0009480152 
-0.00075614225 0.0006366971 
0.0025749586 0.0026384115 
0.0053993356 0.0054525407 
-0.0026927232 -0.002793369 
-2.0605341e-06 4.4914763e-05 
-0.014810751 -0.0147974305 
0.008291205 0.008298595 
-0.007592953 -0.0075398018 
0.011786981 0.011776856 
0.0017619006 -0.0020097056 
-0.001243941 -0.0009947375 
-0.0049438723 -0.004808232 
0.01618665 0.016353175 
0.0012243621 0.0013571105 
-0.021473734 -0.021201016 
-0.0070802784 0.002096737 
0.0031613323 0.002967357 
-0.010701569 -0.010741187 
0.024149265 0.024031987 
0.0011280203 -0.008076421 
0.008341352 -0.0017711753 
-0.0012303268 0.00618131 
-0.0026297038 -0.0026134606 
-0.024129096 -0.024148965 
0.018111128 0.017937956 
0.05145758 0.051560286 
-0.06255378 -0.06268783 
0.0030741643 0.0030405521 
-0.01056769 -0.010925028 
-0.046495203 -0.04642968 
0.07391718 0.074172236 
0.036858086 0.03642221 
3.8928174e-05 3.712365e-05 
-0.005956453 -0.00642843 
0.0136161605 -0.014567091 
0.0070171603 0.0069511067 
0.025902253 0.026251439 
-0.016563013 -0.016836785 
-0.010153649 0.017936725 
-0.03381359 -0.033773575 
-0.014957068 0.0007689356 
0.012014953 0.011983126 
0.03228827 0.032133818 
-7.084333e-05 -6.777908e-05 
-0.01886068 -0.018902197 
0.010153293 0.011197359 
-0.03817689 -0.038401175 
-0.006980911 -0.0074765203 
0.013526208 0.001444132 
0.044458598 0.044829305 
0.0025442974 0.0023586997 
-0.0031563744 -0.0030565008 
-0.012276247 -0.012806034 
0.023120862 0.023509173 
0.005853976 0.0061872937 
0.00493028 -0.010158128 
-0.0049069864 0.009718151 
-0.057273705 -0.05676016 
-0.013483002 -0.0009909205 
-0.027261402 -0.027249023 
0.064446665 0.0631625 
0.016455298 0.01605552 
1.9992535e-06 8.8208094e-07 
0.001876409 0.0022955188 
-0.001467061 -0.0013484465 
0.00051771075 0.00080852816 
-0.0010279397 -0.0007145584 
-0.0025121414 -0.0025218723 
0.00017310328 0.00028697873 
0.004735198 0.0047372715 
0.0020142172 0.0014853235 
0.0028019154 0.0026575313 
0.0011341936 0.000888689 
-0.0004788407 -0.0006648788 
-0.0008662003 -0.0012370624 
0.0011467505 0.0015547734 
-0.0005649013 -5.6799705e-05 
-0.00013683965 -0.00026078566 
-0.0034661838 -0.0034477096 
-0.0018752408 -0.0019082014 
0.0007015167 0.00021393536 
0.003615996 0.0036811696 
-3.6256322e-05 -3.889419e-05 
-0.021849483 -0.022085587 
0.00997871 0.01169125 
0.031854585 0.031815488 
-0.003388684 -0.0027464482 
0.022214802 0.022480505 
-0.010096469 -0.012059571 
-0.045380082 -0.045577683 
0.067260474 0.067043684 
0.016110653 0.015395945 
0.010701373 0.0047363723 
-0.016158627 -0.015836777 
0.0031004457 0.0026149075 
0.005526369 0.0069740713 
-0.031040192 -0.030736672 
-0.002693561 0.004363637 
-0.005875199 -0.0070648114 
0.0025818835 -0.0044731866 
0.045164492 0.045273293 
-0.011894805 -0.0056502833 
-0.0015728356 -0.0015059605 
0.017768685 0.017776432 
-0.016046276 -0.016120864 
-0.025178289 -0.025076078 
0.006782081 0.006799974 
0.02861785 0.028589092 
-0.009264718 -0.009260932 
0.004181229 0.004140799 
0.037080016 0.03710385 
-0.03920372 -0.039180618 
1.51616805e-05 1.4193603e-05 
-0.012481126 -0.012374167 
0.013516391 0.013527002 
-0.0064900205 -0.0065047317 
-0.0038452733 -0.0039235116 
-0.020313855 -0.0204036 
0.022657007 0.02262304 
-0.030920055 -0.030921234 
0.0017812819 0.0017885857 
0.009997886 0.010011036 
-2.6468893e-05 -1.0210331e-05 
0.013823285 0.013590458 
-0.015315731 -0.014933332 
0.029845724 0.029922629 
-0.005549672 -0.0058735544 
-0.031357314 -0.031303085 
0.005330741 0.0051376144 
-0.0024330271 0.0065130563 
0.020719578 0.02052813 
0.04289035 0.043065332 
-0.009901171 -0.009786239 
0.005232471 0.01889127 
0.008672967 0.008942182 
-0.0026749652 -0.0024349645 
0.0024302024 0.0022782297 
-0.0033515545 -0.015831994 
0.01602183 0.0027910364 
-0.021549636 -0.02152956 
-0.012278417 -0.0010399027 
0.004132951 -0.0047353865 
0.0019547846 0.0022861047 
-0.029673828 -0.029827349 
0.038352955 0.03833583 
0.0142095955 0.014244843 
-0.0059012016 -0.0059233992 
-0.039197218 -0.03927769 
0.0090683745 0.0092037935 
0.050292462 0.050318148 
-0.022010017 -0.022015199 
-0.010184783 -0.0102115 
-0.07342686 -0.07318901 
0.06871768 0.068681546 
0.02886987 0.028988112 
0.0032285433 -0.0039560893 
-0.00010469352 -2.8457776e-05 
-0.0026848349 -0.0023859167 
0.020736497 0.020735595 
0.0052497997 0.005151884 
-0.051493395 -0.051278524 
-0.015448395 -0.015375536 
4.2345033e-05 4.522612e-05 
-0.01068931 -0.01062035 
0.01615144 0.016075801 
0.0027393904 0.0027773485 
-0.003964114 -0.00397041 
-0.02331098 -0.023216309 
-0.017781507 -0.017962197 
0.029146014 0.028918695 
0.012016975 0.012136446 
0.021475095 0.021532077 
0.0012472285 0.0012501463 
-0.008150641 -0.008144333 
-0.013995663 -0.013918163 
-0.0009884121 -0.0010064108 
0.0067290007 0.00670942 
0.004641503 0.004624633 
0.008990444 0.008962128 
-0.0023420365 -0.0023536093 
-0.030992419 -0.031205624 
-0.005879797 -0.0058978614 
-6.2161366e-06 -6.0844377e-06 
-0.007983349 -0.007956594 
0.007566054 0.0075399997 
0.0039025096 0.003903114 
-0.0018895966 -0.0018923888 
0.002674983 0.0026702406 
-0.01536055 -0.015321884 
0.014468732 0.014400528 
-0.010741584 -0.0107819615 
-0.0041765487 -0.0041830777 
-0.0011275111 -0.0011288988 
0.00042176203 0.000424129 
0.0017658358 0.0017665349 
0.010265987 0.010306967 
-0.00048558362 -0.00048031675 
0.0055213794 0.0055385595 
0.0202679 0.020503817 
-0.0028705297 -0.002876055 
-0.0058442107 -0.0058418335 
0.0010305449 0.0010235836 
-0.002797897 -0.002772278 
0.03454084 0.03445855 
-0.025972066 -0.025863517 
-0.0061810273 0.0060628373 
0.00596122 -0.0062270546 
-0.006796748 -0.00692043 
-0.035811555 -0.0359834 
0.017869363 0.017624164 
0.064382195 0.06407522 
-0.018108716 -0.018215958 
0.011671354 0.011845968 
0.0029575168 0.0029560784 
-0.07106345 -0.07131201 
0.007001226 0.006968933 
-0.048926447 -0.048560467 
0.094407156 0.09410793 
-0.011896539 -0.011782548 
0.046378788 0.046640273 
0.025392901 0.025348492 
3.691396e-05 3.5997877e-05 
-0.00171565 0.013669856 
0.016312402 0.017609369 
-0.028492922 -0.0279151 
-0.012162738 -0.0133032445 
-4.2411317e-05 -2.7340395e-05 
0.043509968 0.042456165 
0.0064929966 0.0060608364 
-0.019628862 -0.020547206 
0.023642352 0.02378776 
-0.00723639 -0.00729354 
0.0025493265 0.002504182 
-0.0031132551 -0.0028059292 
-0.05964584 -0.059534222 
-0.018159624 -0.0038040446 
0.031119933 0.031291205 
0.004326572 -0.0092002135 
0.064283215 0.06547756 
0.02210673 0.005771988 
0.011118755 0.011266352 
-0.0389225 -0.03903113 
0.00052413275 0.00058454956 
-0.0018403581 -0.0018750118 
0.005634866 0.005683613 
-0.006182297 -0.006125879 
-0.00039831447 -0.0004480932 
0.0022708434 0.002334651 
-0.001060228 -0.0009905105 
-0.004257046 -0.004310227 
0.008689873 0.008663974 
-0.0027120265 -0.00015640867 
0.0036667862 0.003592329 
0.00097612006 -0.00059295434 
2.1106622e-05 2.1095047e-05 
0.00013631376 0.0025656745 
-1.9033412e-05 -0.002309622 
-0.009129707 -0.009182926 
-0.002929542 -0.002923501 
-0.0008474169 0.00074814714 
0.001317749 0.0012347355 
0.0030202747 0.00032812037 
-0.00896329 0.0055998354 
0.0068064765 0.008681602 
-0.0018926231 -0.021634683 
0.03261672 0.03031335 
0.013502435 0.022374805 
0.0006101877 0.0007946834 
-0.05741707 -0.058454614 
0.022576928 0.009306496 
-0.021993995 -0.02149169 
0.05956307 0.057835974 
-0.043304488 -0.026598059 
0.009830467 -0.0049485066 
0.018230231 0.050413515 
0.051660653 0.012092446 
-0.00746411 0.024240024 
0.027397659 -0.015262876 
-0.013717923 -0.009629641 
-0.030736899 0.0024449374 
-0.003745212 -0.0059748646 
-0.023804171 -0.04270391 
-6.3204614e-05 -5.700226e-05 
0.015515909 0.015462463 
-0.026278246 -0.026322449 
0.029563233 0.029618073 
-0.013253857 -0.013293664 
-0.005890781 -0.0058612684 
0.0050105676 0.004925684 
0.053530052 0.053594764 
-0.047539175 -0.047872428 
0.021514326 0.021477213 
0.0028674605 0.0028696163 
-0.018810557 -0.018741542 
-0.035009608 -0.034838833 
-0.0034442984 -0.0034405803 
0.0076095085 0.007630859 
0.039403763 0.03936097 
-0.00910374 -0.009151842 
-0.0015054741 -0.0015161312 
0.0011814435 0.0011987383 
0.010949516 0.010997836 