
0.0086986115 0.008784072 
-0.021009736 -0.021039855 
0.05102192 0.051115464 
-0.0560336 -0.05589596 
-0.0040235007 -0.0035310376 
0.029183516 0.029156 
0.0209422 0.021003125 
0.06980478 0.069722764 
-0.029541329 -0.02963818 
0.15522496 0.15545519 
-0.00013612657 0.00018409158 
-0.040760994 -0.040683586 
0.0141033735 0.01401591 
0.038990103 0.03895847 
-0.00870197 -0.008617407 
0.0060335724 -0.0052865148 
-0.01433047 -0.0143712135 
-0.07808927 -0.07819769 
0.10271384 0.102059744 
0.0036238388 0.004157627 
-0.060082953 -0.060017247 
2.1102046e-06 -6.674487e-06 
0.04796096 0.047924254 
-0.014533102 -0.014516942 
0.014454808 0.01445098 
0.037315708 0.037429273 
-0.020451194 -0.020399813 
0.07908103 0.07910945 
-0.009025493 -0.009051442 
-0.036758322 -0.036749374 
0.060940605 0.06087244 
0.009024671 0.009057137 
0.028579721 0.02841173 
-0.004151602 -0.004132783 
0.11410894 0.11396179 
0.0042153415 0.004217794 
0.020885658 0.02094684 
-0.078714624 -0.07884326 
-0.04723732 -0.047241762 
-0.027774395 -0.02781377 
-0.0024093154 -0.0024082998 
0.08298741 0.08298404 
-0.0761666 -0.0761539 
-0.1333293 -0.1333166 
-2.2260947e-05 -2.2567496e-05 
-0.035608575 -0.03560665 
0.19850269 0.1984837 
0.04489435 0.044893343 
0.14289059 0.14291847 
0.0021139358 0.002114513 
0.007595906 0.0075961915 
-0.020163424 -0.020162828 
0.10662094 0.10661886 
-0.10083716 -0.10085532 
-0.05513338 -0.05513796 
0.016412005 0.016417518 
-0.17792208 -0.1779204 
0.06157272 0.061569434 
-0.008491711 -0.008492187 
0.029310074 0.029303376 
-0.0048804577 -0.0048570284 
0.0025374875 0.0025439535 
0.00908603 0.0090646 
-0.010388112 -0.01044347 
-0.0013664084 -0.0013420797 
-0.028537603 -0.028531034 
0.022132669 0.022135137 
0.016688975 0.016767977 
-0.020450082 -0.020395922 
0.001080731 0.0010908751 
-0.0072882115 -0.007259553 
-0.014588287 -0.014620338 
0.006415264 0.006448605 
-0.0029379735 -0.002958554 
0.029204262 0.029159479 
0.004321808 0.004293645 
0.012450373 0.012382763 
-8.100701e-05 -8.4829895e-05 
-0.0030245415 0.003029321 
0.0028737313 -0.003040954 
0.01944738 -0.0029741153 
-0.010233576 -0.010307185 
0.05193057 0.052058905 
-0.028711377 -0.028894087 
0.00038498375 0.00033338627 
-0.08613638 -0.086163804 
0.03472109 0.034619175 
0.0057996637 0.005643726 
0.07973186 0.07965416 
-0.018367665 -0.018437563 
-0.004373052 0.017046152 
0.005240566 -0.018699415 
-0.15021864 -0.14996336 
-0.019060064 0.0038199276 
-0.060294725 -0.05993188 
-0.0038936175 -0.0038469287 
0.022316253 0.022590965 
0.12521888 0.12515214 
-0.041993584 -0.042126108 
0.012910144 0.013191923 
-0.018170692 -0.0044044917 
-0.00024240078 -0.00031703972 
0.021274261 0.021226967 
0.0062327674 0.005828589 
-0.0120114805 -0.012703992 
-0.037579615 -0.03816154 
0.010010074 0.010412456 
-0.0031094034 -0.0039504436 
0.0021249934 0.0030862608 
0.01758264 0.0042859395 
0.005353318 -0.0023700267 
0.04232806 0.042007145 
-0.0058403434 0.0019244914 
-0.0010861029 -0.014220883 
-0.018307984 -0.018713426 
6.620525e-06 0.0141124455 
-0.007676455 -0.0070983768 
0.029321916 0.029379021 
-0.026572352 -0.026383534 
0.014775138 0.01569647 
-0.0031056888 -0.003104465 
0.037856724 0.037856147 
-0.044460464 -0.044419542 
0.010687516 0.010696119 
-0.024068289 -0.024054606 
-0.017419921 -0.017407423 
0.09098406 0.090965815 
0.049741663 0.04976344 
0.022066412 0.022040144 
-0.07550945 -0.07547389 
0.002737839 0.0027431562 
-0.033050776 -0.033078548 
-0.0070790416 -0.007071597 
0.028960824 0.028965352 
-0.058256123 -0.058298122 
0.015859552 0.01586917 
0.065220445 0.06520935 
-8.717803e-05 -8.9534486e-05 
-0.011731056 -0.011750535 
0.0063648224 0.0063593755 
-0.068705484 -0.068775125 
0.0039727073 0.0041737123 
0.02478303 0.02479816 
-0.01631365 -0.016191404 
-0.0350441 -0.034915846 
0.035076547 0.03529366 
0.049756877 0.049404092 
-0.0002401627 0.0002014322 
0.016251013 0.016819399 
-0.009428481 -0.009497185 
-0.048232194 -0.04838493 
0.00557318 -0.0048895185 
-0.0019590603 0.015377195 
-0.0041088606 -0.0040126774 
0.07092139 0.071289115 
0.009734448 0.009544001 
0.00356748 -0.019097786 
-0.015403136 0.0043515507 
-0.024658909 -0.024568118 
0.019582972 0.00023964392 
0.000120479584 0.00012365347 
-0.09086853 -0.09083638 
0.06024801 0.060249932 
-0.036715683 -0.03681544 
0.010063597 0.010113802 
-0.005192506 -0.005207112 
0.08173852 0.08179838 
-0.0144479275 -0.01452008 
0.028120046 0.027994428 
-0.051873296 -0.051748216 
-0.023781747 -0.023660697 
-0.008906994 -0.008902474 
0.0027163066 0.0027084819 
0.042769354 0.042861894 
0.109070875 0.10893338 
0.016769214 0.016725514 
-0.07018022 -0.07023899 
-0.0022944978 -0.0022914433 
0.005932431 0.0059442795 
-0.117606275 -0.11790019 
-0.027094476 -0.027166102 
0.0026218854 0.0024273111 
0.049631625 0.049771067 
-0.0073326915 -0.007346225 
-0.07188328 -0.07156842 
0.010741625 0.010739483 
-0.018669857 -0.01878787 
0.025392363 0.025503706 
0.09032759 0.090332694 
-0.012172427 -0.012247211 
0.03659165 0.03652672 
-0.038476944 -0.03838768 
-0.00024745334 -0.00033235998 
0.01723797 0.016916443 
-0.0033122597 -0.0034057258 
-0.10015721 -0.100305974 
0.06589588 0.06556996 
0.0063194013 0.0059889425 
-0.053014837 -0.05273807 
-0.0045924657 0.009841015 
-0.022465207 -0.022501636 
-0.0067554684 0.0062323995 
0.053763647 0.053697843 
-0.11614616 -0.11609582 
-0.048168406 -0.048268642 
0.025333611 0.025390746 
0.00016957223 0.00022707638 
0.015215117 0.01524097 
0.13559008 0.13565443 
0.07168023 0.071689636 
-0.06459786 -0.06455961 
-0.16004075 -0.16007704 
0.0068465318 0.0069952197 
0.0962356 0.09622902 
-0.0059924996 -0.006174741 
-0.08501261 -0.08503219 
-0.013585855 -0.013579749 
0.0068532443 -0.0057062176 
0.037854984 0.037982 
-0.034120776 -0.0340544 
-0.012452195 -0.01247014 
0.018795474 0.018809395 
0.00015207744 0.0001043976 
-0.03729329 -0.037634574 
-0.0251453 -0.025140671 
0.009082048 0.009207358 
-0.008339211 -0.008068987 
-0.004816071 -0.0045293826 
0.013360926 0.013566071 
-0.057193484 -0.05723859 
0.048512205 0.047834355 
-0.0018096637 -0.0017068563 
-0.017899578 -0.017799504 
0.010319765 -0.0015953354 
-0.006548608 0.0065115914 
0.0053446176 0.005768848 
0.0024161167 0.0024904732 
0.03390099 0.03455906 
0.025602654 0.025457792 
0.0022088399 -0.008942572 
0.004285243 0.013461601 
-0.003257897 -0.0029969295 
-0.031916026 -0.031893212 
0.015770124 0.015704896 
-0.01638036 -0.01634299 
0.0069603384 0.0066988445 
0.029622193 0.02961709 
-0.0037748248 0.0048079565 
-0.047713276 -0.047759768 
0.007965922 -0.0015356424 
0.000787832 -0.009090471 
-0.011127707 -0.011576561 
-0.022661122 -0.02271347 
0.021433659 0.021497441 
-0.012204953 -0.0019142764 
0.0030911213 0.0033303283 
0.00016132013 -0.00014348784 
0.04319833 0.04312368 
0.011489746 0.010501754 
-0.006874336 -0.0070358375 
-0.0063408497 -0.00649764 
0.020785252 0.02071693 
-0.05990115 -0.059990413 
0.07458487 0.07455594 
-0.109622136 -0.10956479 
0.04289635 0.04279651 
-0.00033068453 -0.00030040494 
-0.021958046 -0.022011545 
0.09946235 0.0994687 
-0.08126447 -0.08126944 
0.030816212 0.030830767 
0.13602383 0.13644423 
0.01240737 0.012442524 
0.0054853465 0.0055897646 
-0.03214091 -0.03205566 
-0.013493775 -0.013569276 
0.014610382 -0.010377313 
-0.044475384 -0.044478778 
-0.013239938 0.011325072 
0.057025928 0.057051532 
0.007993924 -0.007078552 
-0.0002191082 6.02189e-05 
-0.0046977494 0.021054124 
-0.010272588 -0.010420575 
0.050242703 0.05039711 
-0.022770412 0.009526718 
-0.068781346 -0.068755224 
-0.026174096 -0.025940059 
0.01018594 0.0097643165 
0.07205767 0.071925215 
-0.004472608 -0.004143204 
0.036230806 0.035882138 
-0.0175131 -0.01756852 
0.003817629 0.004150256 
0.028748548 -0.006588418 
0.016976532 0.017008549 
-0.03653434 -0.03638105 
0.025270317 0.025566768 
0.009848747 -0.027147522 
-0.049840882 -0.049986266 
0.004746972 0.0044347486 
-0.059852593 -0.05993525 
0.026069332 0.026201027 
-0.014111498 -0.014093043 
0.06197685 0.061450355 
-0.044858065 -0.04483589 
-0.0070612235 -0.006711078 
0.010688207 0.010872805 
0.035387307 0.035627272 
-0.028681697 0.028461996 
-0.00069880584 -0.00059612957 
0.018143967 0.017644338 
-0.032778043 -0.03309717 
0.0065426202 -0.009212837 
-0.007920563 0.008937673 
0.027656458 -0.024229199 
-0.083523884 -0.08304121 
0.046773393 0.046855256 
-0.0228238 -0.022662513 
0.084874816 0.08558289 
-7.422436e-05 1.832805e-05 
-0.022423908 -0.022415932 
0.023564247 0.023488002 
-0.012234129 -0.009799787 
0.001507416 0.010769154 
-0.0064192186 0.0024400365 
0.04392836 0.043789245 
-0.0067627435 -0.0064610667 
0.015896378 0.0072212736 
-0.042175308 -0.04257285 
0.0070746224 0.0061494526 
0.010675143 0.012111153 
-0.0055732625 -0.013822707 
0.03211014 0.031987216 
-0.03056289 -0.030410761 
0.0051668687 -0.0043747015 
0.0028256949 0.0029573827 
-0.016225178 -0.016046511 
-0.00273946 -0.0032734275 
0.01671767 0.017199578 
-0.0406752 -0.040867954 
0.0056543853 0.0050323918 
0.0382107 0.03835238 
-0.021589616 -0.021857789 
0.06121812 0.06148653 
0.019693635 0.019799177 
-0.00605407 -0.006571223 
-0.06444552 -0.06436326 
-0.013560606 -0.013555068 
0.09788256 0.09791585 
-0.030791186 -0.030627022 
-0.00014434881 -0.0004224025 
0.049274907 0.048788644 
-0.10087743 -0.09994639 
-0.07810846 -0.07884941 
-0.0521893 -0.051729616 
-0.0088828 0.013033631 
0.028486207 0.028391313 
0.012301927 0.011846936 
0.07540641 0.07542752 
0.0017674253 0.001580578 
-0.010953281 -0.010844371 
0.010153567 0.010186948 
-0.02453487 -0.024519198 
0.055461183 0.055472907 
0.003943065 0.0036504762 
-0.004033051 -0.004281768 
-0.037073106 -0.037069693 
0.015312655 0.015322431 
-0.0018545317 -0.0019936091 
0.006573442 0.0064679934 
0.02349939 0.023490801 
-0.016463727 -0.016418418 
-0.0070385095 -0.0071500163 
0.039116286 0.039118126 
-0.00052216277 0.004987919 
-0.00017098972 -1.6886239e-05 
0.0034104094 -0.0032203458 
-0.053378806 -0.05338589 
-0.0056147818 0.0009941282 
-0.00045521278 -0.00043186214 
0.0034955237 0.0035622725 
0.014150404 0.014188821 
-0.016260874 -0.016376238 
-0.004869947 -0.0049609262 
0.0063046454 0.0062022354 
0.001258185 0.0013194346 
0.012610484 -0.0006742051 
-0.01181641 0.00012589755 
0.031901844 0.033139046 
-0.011416212 -0.011355374 
0.00016794933 0.012279271 
-0.024196196 -0.024106057 
-0.0077608577 -0.0079219835 
-0.002494252 -0.0024546369 
-0.004071949 0.0042231646 
0.0019599937 -0.011659781 
0.020965707 0.020643158 
0.009739415 0.009719379 
0.0038823537 -0.0030462113 
-0.0051394086 -0.005244856 
0.03352181 0.033438012 
-0.04937927 -0.049382534 
0.09444582 0.094566464 
-0.026611269 -0.026588712 
0.015668502 0.015544903 
-0.011118507 -0.01099738 
0.05856407 0.058669098 
0.0036099846 0.003591757 
-0.082049735 -0.081828065 
-0.06321467 -0.06330733 
0.04490453 0.044762313 
-0.008522356 0.008636365 
0.008934398 0.009127909 
-0.036934912 -0.03691328 
-0.01800346 -0.018014621 
0.023587879 0.023605837 
0.07409973 0.074026726 
0.008653355 -0.008071876 
-0.00041475592 -0.00038906114 
0.011348685 0.000670883 
-0.02429176 -0.024407446 
-0.00028179362 -0.0008987963 
0.030363074 0.03032644 
-0.058860347 -0.058706686 
-0.0027585456 -0.01263021 
0.07851231 0.07854971 
0.008435002 0.009835648 
-0.043951135 -0.043958064 
0.055506688 0.055486314 
0.022110011 0.02220837 
-0.011948408 -0.010177811 
0.04115719 0.0410031 
-0.03281856 -0.032746222 
0.0035052844 0.0037028966 
-0.0051564993 0.006209883 
-0.017140497 -0.017376574 
0.015226819 0.015096373 
-0.08328541 -0.08332575 
-0.005733549 -0.0048363386 
-0.023676643 -0.023765644 
0.00045093417 0.00043442956 
0.029053658 0.029149672 
-0.050580394 -0.050510462 
0.015627122 0.015630133 
0.06911562 0.06962347 
-0.012292461 -0.012091257 
0.049321316 0.04930318 
0.009888767 0.009953628 
-0.030759457 -0.030707521 
-0.0030272955 -0.0031083715 
0.006829218 -0.006038457 
-0.06654717 -0.066967316 
0.022015344 0.0218073 
-0.039061543 -0.03909046 
0.037962765 0.038137704 
-0.0073867547 -0.007446649 
0.0048148935 0.0048615085 
-0.01758255 -0.017635552 
-0.0065550287 0.0057331496 
0.0017781468 0.0017463109 
-0.0050496347 -0.0049613453 
-0.0004723658 -0.0004643737 
0.006147028 0.005823266 
-0.012174951 -0.011811388 
0.012515427 0.015930278 
-0.003364227 -0.0033268724 
0.004121771 0.0041113473 
0.00090857723 0.00091946346 
0.014356935 0.009644005 
-0.0021795523 -0.0021413495 
-0.01735854 -0.017614212 
0.0028157223 0.0027973298 
-0.007803822 -0.007957012 
0.00019471777 0.00018438445 
0.019763034 0.019129729 
-0.001225603 -0.0012286033 
0.008286739 0.009610267 
0.0016308798 -0.0043609138 
-0.0018716515 0.004331335 
-0.0054214094 -0.0055631185 
0.03826872 0.038579296 
0.0053544156 0.0053605526 
-0.05680646 -0.055662975 
-0.0012747592 -0.03629429 
0.001843317 0.036594808 
-0.037182707 -0.037335955 
0.013277328 0.013087586 
0.08097094 0.0801605 
-0.032986253 0.00017526999 
-2.1832637e-05 -3.0019308e-05 
-0.013142379 -0.013447103 
0.04024698 0.0061344528 
0.01488732 -0.011328757 
-0.023726255 -0.023405321 
0.0551097 0.056206092 
0.02369143 0.024183583 
0.12338463 0.123307414 
-0.094879135 -0.09516919 
-0.011098788 0.01327173 
-0.0009847182 -0.00091286533 
0.04920608 0.049221262 
-0.021712331 -0.021670274 
0.011847025 0.011937677 
-0.00464816 -0.004667537 
-0.055301387 -0.05521362 
0.0065300413 0.0065726573 
0.0706504 0.07032401 
0.02629097 0.026462387 
-0.014844953 -0.015005147 
-0.030015446 -0.030041948 
-0.004430977 0.012948735 
-0.012657761 0.002285886 
0.036480915 0.036293894 
0.01475436 -0.003418899 
0.0024241093 0.0023300068 
-0.009344121 -0.009459094 
-0.040581886 -0.040667567 
0.018291201 0.018370617 
0.0035081662 -0.011525222 
0.013521852 0.013583777 
-0.037653096 -0.037567854 
0.06587126 0.06583513 
-0.006486392 -0.0067137084 
-0.10122544 -0.1011399 
0.17127523 0.17128623 
0.048497356 0.048334282 
-0.0734683 -0.073524706 
0.0059131864 0.0059974105 
0.11875584 0.118533954 
-0.0145284245 -0.014487626 
-0.00016737249 -0.00021766187 
0.034335803 0.034506 
-0.14378609 -0.14381501 
0.022803737 0.022906983 
0.009817044 -0.00872155 
-0.053198386 -0.052974474 
-0.009150629 0.008414278 
-0.024622073 -0.024682598 
0.08887454 0.08913297 
-0.0072995815 -0.00034770533 
0.0035050332 0.0038160249 
-0.016420819 -0.016486388 
0.021641903 0.021550918 
-0.00402347 -0.0044342508 
-0.03246733 -0.03242936 
0.010709679 0.010517216 
0.030330326 0.030364491 
-0.0073427055 -0.0077220034 
-0.0014938215 -0.00122918 
0.0021951674 -0.0052945362 
0.0065744026 0.007192392 
0.05005747 0.04995638 
-0.055999648 -0.05593676 
-0.0020838797 0.0052137584 
0.015236216 0.015385854 
-0.011516327 -0.011433426 
0.0074157165 0.0007601928 
-0.02282103 -0.022770671 
0.0011098138 0.00082047714 
0.0010420033 0.0010489007 
-0.014483364 -0.014334459 
0.011518321 0.01154543 
-0.005055369 -0.005040604 
0.031007292 0.031013487 
-0.0013951256 -0.001390368 
0.008432165 0.008435615 
0.021236347 0.021290397 
-3.638761e-05 -3.7136702e-05 
-0.027186831 -0.026979236 
0.002412303 0.0024107846 
-0.007522639 -0.007526122 
0.005957122 0.005937185 
0.015413405 0.015375271 
-0.019283043 -0.01938878 
-0.041069195 -0.041242115 
-0.0030627102 -0.0030751384 
0.046588197 0.04660877 
0.0039919224 0.00399287 
-0.0106197735 -0.010696894 
-0.024536677 -0.02439833 
-4.2741034e-05 -4.496254e-05 
0.034133244 0.03404045 
0.015639285 0.016301125 
-0.06574111 -0.06573691 
0.06838943 0.06829013 
-0.047351643 -0.047499996 
0.008743308 0.010187041 
-0.010331723 -0.009840897 
0.023594406 0.023566576 
0.106091276 0.106166765 
-0.034414347 -0.03449511 
-0.009651841 0.008910903 
0.047875397 0.047877036 
0.0059130467 -0.010906942 
-0.016423063 -0.016750341 
-0.11107472 -0.110913 
-0.004467259 -0.004206985 
0.016536482 0.0013455898 
0.004011051 0.0039473902 
-0.0025359148 -0.0024516203 
0.005541877 0.0057632728 
0.029126026 0.028887229 
-0.021666586 -0.02182803 
-0.009938814 -0.009729591 
0.014640962 0.0146626495 
-0.031118153 -0.030908683 
-0.044417016 -0.044572555 
-0.005977493 -0.00556748 
0.09058755 0.09304608 
-0.014990633 -0.014925314 
0.009483132 0.009804511 
0.002441253 0.0024558192 
-0.0071551655 0.006621756 
0.05745905 0.057018913 
0.00086722267 -0.0103529105 
0.010716782 -0.003046177 
1.5858037e-05 -4.0459254e-05 
0.040625423 0.04088217 
0.020979373 0.021169 
-9.379177e-06 -1.0372797e-05 
-0.012044184 -0.012072557 
0.011426599 0.011436787 
0.020082394 0.020098094 
0.0031978744 0.0032199165 
-0.005866239 -0.00583802 
-0.022140417 -0.02213521 
0.0045641856 -0.005027501 
0.0013864598 0.0014017394 
0.015316178 0.015294768 
0.008181334 0.0081668915 
0.026124619 0.026103958 
-0.01639713 -0.016339222 
-0.00865557 -0.0086808 
0.0054238136 0.0053797406 
-0.030849464 -0.030937158 
-0.0034807792 -0.0034702364 
-0.00470262 0.004818638 
-0.00149737 -0.001503278 
0.034313034 0.034405537 
0.0064598317 -0.006217426 
0.02882362 0.028739665 
-0.037779808 -0.038029823 
-0.011440158 -0.011175333 
0.05711636 0.057144545 
0.012396967 0.0123361 
0.0069712545 0.007001588 
-0.07456451 -0.07441913 
0.0886903 0.08868984 
-0.027098488 -0.026964372 
-0.0063035865 -0.0064329486 
-0.0027110465 -0.002666549 
0.019612284 0.01959439 
-0.10417995 -0.10424118 
0.0030548023 0.0030644203 
-0.0064249313 0.0062233005 
0.041325223 0.041480757 
-0.051323883 -0.051298592 
0.00010497996 0.00010236031 
-0.01795295 -0.018136837 
0.00769365 0.0076790014 
-0.0008869595 -0.0008833922 
-0.01880974 -0.018791763 
-0.0058625834 -0.0058556856 
0.0041141147 0.0041066296 
0.017526923 0.017505486 
-0.0029847508 -0.0029924246 
-0.010145906 -0.010116603 
0.0027730386 0.0027855465 
0.010104934 0.010120237 
0.00072106393 0.00071888015 
-0.007751954 -0.007768115 
-7.372051e-05 -7.525563e-05 
0.0057024495 0.0057145203 
0.023594353 0.02363537 
0.0016832114 0.001676009 
-0.004301049 -0.004304188 
-0.0018709326 -0.0018641932 
0.013260522 0.013257359 
-0.0135684805 -0.01359773 
0.0037543538 -0.00978881 
0.017529586 0.018469416 
0.008268017 0.008543211 
-0.022614025 -0.022782732 
-0.0103013 0.0014375538 
0.0020434447 0.0019315579 
-0.043297384 -0.043024037 
0.04711753 0.047235016 
-0.0066940403 -0.0069523673 
-0.031294696 -0.031353146 
-0.0032745725 -0.003315371 
0.024965238 0.024343854 
-0.016378416 -0.01628548 
0.0047959397 0.004881894 
-0.011090882 -0.011155831 
0.033502523 0.033534594 
-0.003063079 0.01010838 
0.011246801 -0.0009213152 
-0.00050909055 -0.00046744302 
0.013075799 0.012692254 
0.0051766564 0.0047099586 
-0.038096894 -0.03799561 
0.06302216 0.06301715 
-0.01879144 -0.018757107 
0.026905695 0.026902847 
-0.079009764 -0.07907357 
-0.01151291 -0.011540361 
0.105335034 0.10534591 
0.010955385 0.01086631 
0.00024354743 -0.0007331204 
-0.04964366 -0.049733326 
0.03740399 0.03740621 
0.080388516 0.080378026 
0.018112749 0.018132133 
0.04987886 0.049871303 
-0.02758671 -0.02767469 
-0.06276609 -0.06268802 
-0.0052782553 -0.005706984 
-0.106237315 -0.10629448 
-0.007043509 0.0067016855 
-0.00028573253 0.005643904 
0.002603112 -0.0069072642 
0.0099680675 0.009961402 
-0.00082772726 -0.0008334219 
-0.0038163343 -0.0038994795 
0.0064310865 0.006420642 
-0.009774137 -0.009824189 
0.0022821976 0.0021763158 
0.0069688237 -0.0019646164 
-0.0021057532 -0.002148394 
-0.0063790507 0.00034836802 
-0.017121185 -0.017122759 
-0.0060632285 -0.006166565 
0.000909995 0.0009319833 
2.096987e-05 1.6488606e-05 
0.0040428606 0.00398126 
0.0016985881 -0.0018353962 
-0.0061159343 0.0064624934 
0.017699994 0.017675104 
-0.0018365458 0.0016171006 
0.0045675123 0.0045624897 
-0.11415196 -0.11402483 
0.07678013 0.07665623 
-0.025080355 -0.02485853 
0.1359003 0.13578664 
0.040428817 0.040376775 
-0.06744324 -0.067315884 
-0.009405662 -0.009464232 
-0.04983313 -0.049770594 
0.017816331 0.017874697 
0.10540713 0.10544979 
-0.004093997 -0.004008131 
-0.035989758 -0.036213454 
0.056558628 0.056733157 
-0.14092937 -0.14093557 
-0.089156754 -0.089321926 
0.010413571 0.010454576 
0.027644351 0.027509503 
0.00013362519 9.891203e-05 
-0.01618848 -0.016290046 
2.6287413e-05 3.1273285e-05 
0.02898047 0.02904161 
-0.027900133 -0.027895244 
-0.04969762 -0.049788542 
0.074213676 0.07428254 
0.012299882 0.012172006 
-0.011748443 -0.011692197 
-0.038063873 -0.038077302 
0.039847888 0.039780416 
-0.019168502 -0.019236188 
0.104975685 0.105223484 
0.05403723 0.053929195 
0.019931102 0.02005633 
-0.125691 -0.12596744 
-0.005180768 -0.0052204877 
-0.06467797 -0.06453229 
0.010322752 -0.009639474 
-0.087449215 -0.087417595 
0.005491275 0.005545682 
-0.009799135 0.01041459 
0.007308096 0.0068418994 
-0.0025154615 -0.0026680117 
-0.021655086 -0.021577928 
0.030601252 0.03063656 
0.016819492 0.016872454 
-0.03923158 -0.039195944 
-0.015055421 -0.015288341 
-0.05369132 -0.05375421 
-0.010249343 -0.0100844735 
0.055317003 0.05551507 
6.058251e-05 0.00013941915 
0.02308646 0.022945616 
0.005738988 -0.0053133485 
0.011591798 0.011519862 
-0.0016740446 0.008152429 
-0.0056015486 -0.006654525 
-0.029176502 -0.029342271 
-0.008881095 0.00065446005 
0.041035026 0.041073415 
0.0034402455 0.0030470437 
0.0017155309 0.0017083177 
-0.012956589 -0.012808837 
-0.001848607 -0.0018348518 
0.012041594 0.012024485 
0.006086063 0.005996967 
0.008779922 0.008679037 
-0.003932637 -0.0039191996 
0.00011899054 -0.00021238136 
-0.026403774 -0.026008826 
-0.0063212505 -0.006374715 
-0.017712628 -0.017847208 
-0.000742621 0.008011151 
0.0008915889 -0.0063424245 
-0.009171969 -0.009341839 
-0.0020734435 0.0021044107 
0.016480934 0.016551621 
0.005644022 -0.001670624 
0.023657354 0.023508238 
0.0036605028 0.0036985052 
-0.008000724 0.0004348058 
0.014969662 0.015006209 
-0.005467368 -0.005828179 
0.00268292 0.0026501871 
-0.020112917 -0.01997354 
0.028022658 0.028041009 
-0.035394363 -0.035352778 
4.244698e-05 9.240391e-05 
0.0063401586 0.0058415984 
0.03805152 0.03808138 
-0.0095079085 -0.009882201 
0.0523464 0.052349858 
-0.026946716 -0.027007343 
0.00062126253 0.011937138 
0.01058235 0.00988962 
-0.04641313 -0.046505142 
0.007934108 -0.0075850645 
-0.011176012 0.0017242406 
0.020763526 0.020746108 
-0.014351057 -0.014361884 
-0.0023839732 -0.002419639 
0.025431618 0.02543989 
-5.15097e-05 -5.0813193e-05 
-0.017050574 -0.017125359 
0.011463518 0.011365289 
-0.028663551 -0.028628483 
-0.008544666 -0.008637012 
0.0077850055 0.007874243 
-0.0023461906 -0.0023709307 
0.040559564 0.040629376 
0.020079734 0.020026982 
-0.022388007 -0.022323314 
0.0020552871 0.0020447986 
-0.036631986 -0.036645208 
-0.012518068 -0.012435843 
-0.0052773235 -0.0052246954 
0.004711285 0.0046977806 
0.015413094 0.01550477 
0.05333429 0.053405583 
0.03203811 0.03201054 
-0.04817156 -0.04821941 
-0.00074299984 -0.00073267735 
0.0075444733 0.007549977 
-0.0071319207 -0.0071546547 
-0.00016499721 0.0036904516 
-0.013768159 -0.013762684 
-0.0032489954 -0.0034114157 
0.0139936535 0.014001666 
0.005344225 0.005348065 
0.003672224 0.00352588 
0.0021943594 0.0020473034 
-0.019406173 -0.019352874 
-0.009914209 -0.009863204 
1.4672969e-05 2.6456768e-05 
0.010252412 0.010188082 
-0.0050126617 -0.0050244215 
0.019912884 0.0199305 
-0.0017679817 -0.0019586363 
-0.0037771396 3.2666507e-05 
0.00087700423 0.00087352016 
0.0024249281 -0.0018921767 
-0.00017832876 -0.018914059 
0.029712273 0.030045047 
-0.043633785 -0.043609783 
0.006354919 0.0062462613 
-0.013227064 -0.012976973 
0.020018857 0.019771859 
0.06211477 0.06205823 
-0.0023697473 -0.002326798 
-0.0018262375 0.018335473 
0.005388998 -0.005252897 
-0.019156627 0.0024994973 
-0.030392054 -0.030584225 
-0.061830457 -0.06189921 
-0.0071360026 -0.0070558013 
0.043295037 0.042912003 
0.001518896 0.0014989782 
-0.0051492313 0.0053573544 
-0.02082417 -0.020609157 
0.020265512 -0.0036568178 
0.01227062 0.012144647 
-0.011316488 0.010467168 
4.800408e-05 -0.0003795874 
-0.018305033 -0.018214017 
0.016797325 0.016928619 
0.04963663 0.049528908 
-0.007550814 -0.0073248437 
0.006223683 0.0065165884 
0.01114862 0.0108895395 
0.034193944 0.034206893 
-0.01223588 -0.012486175 
-0.048865598 -0.0490519 
0.0029330773 0.002450724 
-0.07311701 -0.07305184 
-0.0032607077 -0.003579761 
-0.034965366 -0.034842663 
0.0075117857 -0.007610015 
-0.025574595 -0.025546093 
0.07723529 0.07739712 
-0.003358934 0.0033203564 
0.024182685 0.02416447 
-0.0063455687 -0.0054261493 
-0.09158689 -0.09142831 
0.11993682 0.11980523 
0.04432102 0.04422132 
-0.028642312 -0.028606301 
-0.1199931 -0.12006415 
0.15621887 0.1561895 
-0.1987074 -0.19866656 
0.015501631 0.015535202 
0.20988227 0.20976916 
-0.045539305 -0.04539048 
-0.015926678 -0.015925718 
0.0052479305 0.0061114496 
0.087989114 0.08806831 
-0.06697479 -0.06699946 
-0.15186475 -0.15195632 
0.028228324 0.028229509 
0.06438512 0.064385094 
-0.00021368297 0.00013204015 
0.009080075 -0.009125273 
0.10672983 0.10668644 
-0.006556534 -0.0065731537 
-0.06676688 -0.06673467 
0.04556034 0.045563843 
-0.15930477 -0.1593231 
-0.029447168 -0.029339887 
0.008571476 0.008410361 
-0.09096513 -0.09097971 
0.13612685 0.13613433 
-0.046247784 -0.04625096 
0.083406456 0.08345556 
0.030541964 0.030601634 
0.00074286934 0.00083704264 
0.17112039 0.17111161 
-0.021464247 0.021497691 
0.02084382 -0.020802807 
-0.12479531 -0.124778114 
0.06302617 0.0629357 
-0.01634862 -0.016311003 
0.018240035 0.018344807 
5.2265357e-05 5.133742e-05 
-0.010601877 -0.01061554 
0.024723126 0.024680082 
-0.003224979 -0.0032554534 
0.008403861 0.008344416 
-0.02601472 -0.025956145 
0.003674804 0.0037421943 
-0.0077860444 -0.0077656466 
-0.0053359573 -0.005313709 
0.014791442 0.014721114 
0.0059055625 0.005893275 
-0.014099391 -0.014095727 
-0.0013956125 -0.0013966439 
0.011191193 0.011279058 
0.034217075 0.034287438 
0.019119706 0.019114766 
0.002014046 -0.0019526891 
0.001736587 0.0017151119 
-0.018642055 -0.018635886 
-0.0019187429 0.0019523029 
0.0027662842 0.002790626 
-0.016429637 -0.016524056 
0.039332718 0.039254844 
-0.051904593 -0.05187065 
0.01937497 0.019376123 
-0.0045446595 -0.0046003098 
0.07949837 0.079420656 
-0.024687953 -0.024617797 
0.054722715 0.05493019 
-0.0004730029 -0.00047360582 
0.01242799 0.012531212 
-0.009929051 0.00833627 
0.024556896 -0.02471483 
0.028117571 0.028108006 
-0.02501663 0.025042182 
-0.009839629 -0.0099027455 
0.009770358 -0.008317941 
-0.079661496 -0.07989036 
0.0069954926 0.0071339803 
-0.035693612 -0.03552841 
0.0041995486 0.0039716573 
0.009738001 0.009773192 
-0.028059563 -0.027919475 
0.026812855 0.026840307 
-0.01047015 -0.010886125 
-0.063119166 -0.06334944 
-0.007814112 0.008449237 
0.06338323 0.06368217 
-0.0049072285 -0.004708278 
0.021449735 -0.027472058 
0.0399872 0.0397137 
0.020933932 -0.0031925917 
0.017435193 0.01704331 
-0.025342645 0.024368228 
-0.041581545 -0.04140665 
0.0062254644 -0.010109634 
-0.017871387 -0.018682973 
-0.021986213 -0.00050145044 
-0.00021162402 -0.00022655299 
0.0009567791 0.023929749 
-0.004877377 -0.0048836176 
0.087279424 0.08724515 
-0.05472515 -0.054718815 
0.027647818 0.027443377 
0.007070042 -0.0067239464 
-0.10551469 -0.10557948 
0.01566439 0.015708242 
-0.010703276 -0.010603768 
0.17554131 0.17544784 
-0.034098946 -0.03423605 
-0.0066802455 0.0075193187 
-0.0006768865 -0.00062213 
-0.07972624 -0.07980687 
0.04372614 0.044248875 
0.11487395 0.11482589 
0.06431859 0.06362635 
-0.16128643 -0.16130595 
0.008270267 0.008223222 
0.003197907 0.0031908 
-0.019514803 -0.019582538 
0.016069392 0.0152310915 
-0.013862389 -0.013875228 
0.004403292 0.0045925747 
-0.040754 -0.040957555 
0.010068664 0.008996432 
0.043148015 0.043304104 
0.08038119 0.08028403 
-0.07805739 -0.07776709 
-0.0033770353 -0.0036914574 
-0.02972705 -0.029518979 
0.05816566 0.058253925 
-0.02069127 -0.0206942 
0.022636147 0.02273948 
0.0026064287 0.017105373 
-0.009466982 0.0046587423 
0.031621706 0.031493813 
-0.008137885 -0.008395516 
-0.05601038 -0.055994272 
0.00039018356 0.00037459715 
0.008519187 -0.007952918 
-0.0053315638 -0.0044724327 
0.018507807 0.018739495 
-0.026875041 -0.026989246 
0.05291879 0.052777596 
0.0046535325 0.0047225608 
-0.03706427 -0.037038606 
0.0018515944 -0.014255295 
0.07092124 0.0711285 
0.038871612 0.03897001 
-0.049984176 -0.049887728 
-9.053234e-06 -0.00010849994 
-0.08841992 -0.088260755 
0.010712268 0.0112363715 
0.09786024 0.09746635 
-0.065852806 -0.06609442 
0.0198718 -0.005158134 
-0.011752452 -0.010715221 
-0.0120758675 0.013573521 
0.027549563 0.027559828 
-0.018549696 -0.018331364 
-0.006699431 -0.006151553 
0.01947591 0.019422764 
-0.067898296 -0.06792156 
0.05449172 0.054512195 
-0.050992813 -0.050937075 
0.11548315 0.11555761 
0.004297534 0.005205534 
-0.03603013 -0.03606623 
-0.00057449023 -9.619525e-05 
-0.08866109 -0.08869104 
0.15085039 0.15074113 
-0.014271014 -0.014228375 
0.09252763 0.09249019 
0.029185547 0.029222934 
0.0406452 0.040775236 
0.07093543 0.070811525 
0.011249354 0.01128856 
-0.024105432 -0.024089439 
-0.11779564 -0.11789256 
0.007690793 -0.0074043735 
-0.024289722 -0.024358977 
-0.0023207637 -0.0023185352 
0.022509726 0.02248579 
0.0086572245 0.008454186 
-0.013494096 -0.013465812 
-2.283559e-05 -3.3244727e-05 
0.0524268 0.05218705 
0.012519949 0.012581911 
-0.031846516 -0.031769775 
-0.018410258 -0.018426044 
0.029214079 0.029192155 
0.01701054 0.017084276 
-0.0054392456 -0.005471017 
-0.009243263 -0.009194481 
-0.0042592823 0.0039340695 
0.038170416 0.038277768 
0.0043531563 -0.0042170724 
-0.043455206 -0.04339086 
0.002047277 0.0020826608 
0.004955239 0.005097035 
0.004432817 0.004427854 
-0.03764354 -0.037684023 
0.041435234 0.04138075 
-0.016547168 -0.016632646 
-0.006796024 0.006916946 
-0.1155537 -0.11548449 
0.07411618 0.07422951 
0.01040564 0.010396825 
0.0071925703 -0.0069082025 
0.02865617 0.02870551 
-0.06750099 -0.0674193 
0.102162756 0.102466136 
-0.009284627 -0.009311297 
0.05550693 0.055580948 
-0.0038796207 -0.0039067143 
-0.026219742 -0.026149157 
0.000104597995 9.2364906e-05 
-0.050679345 -0.05072832 
-0.088559076 -0.0885978 
0.018491635 0.018467022 
-0.0062363106 -0.006235475 
0.0010081609 0.0010321278 
0.011956922 0.01188914 
0.0059766434 0.005999962 
-0.0017220732 0.0017275529 
-0.01731907 -0.017308652 
0.01680646 0.016906766 
-0.004133755 -0.004165389 
0.0022951434 0.0023185376 
-0.0011329618 -0.0011576096 
-0.012307461 -0.012251863 
-4.142124e-05 -3.4348897e-05 
0.0039709215 0.003916388 
-0.006110176 0.005961063 
0.005486468 -0.0058530183 
-0.0025215247 -0.002437802 
0.008588959 0.008540407 
-0.008869088 -0.008831019 
0.026842548 0.026866227 
0.0016709864 -0.0016084869 
0.0048445268 0.0047708116 
0.047454953 0.047380872 
-0.0743175 -0.07438521 
-0.021332588 -0.021326121 
0.017813988 0.0177445 
-0.0966249 -0.09671884 
0.102027476 0.10201015 
-0.006120551 -0.00612072 
0.03565816 0.035691198 
-0.030901004 -0.030957997 
0.061575606 0.06147334 
0.010812859 0.010925921 
-0.0002165225 -0.00020259281 
0.13270004 0.13270701 
-0.122818895 -0.12280031 
-0.056300446 -0.056259748 
0.025948837 0.025948135 
-0.013151899 -0.013113631 
0.07900099 0.079022795 
-0.042200536 -0.042217214 
-0.0047787093 -0.0048411116 
0.029449651 0.029370548 
-0.07547926 -0.07568913 
0.11273998 0.112948455 
0.0056499387 0.0048902845 
-0.027565198 -0.027533252 
0.05963616 0.05950246 
0.012002818 0.011513285 
-0.018171588 -0.018269181 
-0.10170099 -0.101371825 
-0.05526876 -0.054825004 
7.48756e-05 8.048845e-05 
0.042079784 0.042079195 
-0.010388532 -0.011114771 
0.019815097 0.019808758 
0.08256182 0.08258037 
-0.0037218882 0.010765519 
-0.01599633 0.0027360823 
0.008306754 -0.009883478 
-0.03986787 -0.039916925 
0.003958061 0.003942142 
-0.024075726 -0.02412831 
0.033650488 0.03403084 
0.101832375 0.10183887 
-0.08750397 -0.087371275 
0.015955934 0.016090084 
-0.009576709 -0.009333627 
-0.034670442 -0.03461494 
-0.048384514 -0.04844161 
-0.06690254 -0.06714513 
0.059793584 0.05992591 
0.009567426 0.009516757 
0.01157875 -0.010453215 
0.07849791 0.07835276 
-0.0039754547 -0.004059694 
-0.010377172 0.011512266 
0.023954114 0.023938444 
-0.015992325 -0.01608996 
0.045665313 0.045353983 
-2.4836292e-05 -1.3214187e-05 
0.00078060117 -6.747488e-05 
0.017087275 0.017078996 
-0.028011506 -0.028135018 
0.08439726 0.08450425 
-0.038846746 -0.038664274 
-0.0077562393 -0.008142373 
0.035603978 0.03560204 
-0.0032058624 0.005976918 
0.0068204287 -0.018219499 
0.017317137 -0.002202937 
-0.056132052 -0.0561056 
-0.020084273 -0.019999834 
-0.017940871 0.00045002843 
0.0052368417 0.004669461 
0.05226506 0.05238371 
0.010062392 0.010796532 
-0.003380208 -0.0034797858 
-0.013157248 -0.013767722 
-0.008763664 0.022683488 
0.025418106 0.0253455 
0.0007478619 0.0007922089 
-0.0027181234 -0.0026525531 
-0.0009616651 0.0048105335 
-0.007552361 -0.0075584855 
-0.0011685527 -0.0012015045 
-8.079353e-05 -7.6895965e-05 
0.0034478274 0.003443909 
0.013241479 0.013346913 
0.0054751276 0.0055034324 
-0.006470938 0.0073471107 
-0.0015262143 0.0012742839 
-0.004683872 -0.0046658097 
0.0065453625 -0.0074795606 
0.005196817 -0.001322782 
0.0019272185 0.0018960234 
0.008681964 0.008495067 
-0.012594806 -0.0125181 
0.0014100374 -0.0012763389 
-0.005399768 0.0012650538 
0.0007380831 -0.004887571 
0.021477386 0.021669723 
-0.0022672217 -0.01695227 
-0.019631837 -0.020264763 
0.009073925 0.008090824 
0.030353133 0.030263878 
-0.05213318 -0.05253935 
0.003147055 0.004171101 
-0.036795646 -0.03691316 
-0.014413841 -0.013130259 
0.0058251265 -0.0038193336 
-0.00014805075 0.00017240422 
-0.027731583 -0.02700371 
0.05883327 0.058305286 
0.041130777 0.041326653 
-0.0034983084 -0.0035063208 
-0.0121471025 0.006160294 
0.002379581 0.01813278 
0.015015599 0.014071098 
-0.00842824 -0.007888225 
0.020858975 -0.007957032 
0.00049333554 0.00048274364 
-0.037342593 -0.03741216 
0.03507534 0.03504969 
0.06068241 0.060581543 
-0.009521217 -0.0094858175 
0.012158897 0.012167658 
-0.06372651 -0.06372918 
-0.0053524533 -0.005362121 
0.0034805785 0.0035070078 
0.046174772 0.046262503 
-0.028805345 -0.028736427 
0.02596185 0.02606723 
-0.021256952 -0.021188123 
-0.0020232885 -0.0020135345 
-0.08528937 -0.08524859 
-0.04868573 -0.048681803 
-0.014777789 -0.014860211 
0.00738169 0.0073231487 
0.08189121 0.0819978 
0.018528298 0.018479766 
-0.0033149563 -0.0034916713 
0.014354005 0.014514191 
-0.03706214 -0.03734907 
0.0668143 0.0666002 
-2.3243592e-06 -7.4255644e-05 
0.03445377 0.03429043 
-0.008544005 -0.008499385 
-0.07264822 -0.07303865 
-0.015870381 -0.015943341 
-0.052818276 -0.052475948 
0.0077572367 -0.017644672 
0.0033278542 0.0029619578 
-0.007574207 0.027619775 
0.048370656 0.04844873 
0.007895753 0.007887301 
-0.025357578 -0.025548875 
0.02467843 -0.003940135 
-0.0064331624 0.00722861 
-0.025837177 0.0023469208 
0.022843676 0.023058496 
-0.00042475722 -0.00042824214 
0.0062297415 0.0062348 
0.0025782608 0.0025755852 
-0.004714449 -0.0046924762 
-0.0016685608 -0.0016619237 
-0.0062478613 -0.0062582693 
0.00048178138 0.0004947389 
-0.0025028314 -0.002507349 
0.0047916644 0.0047903685 
0.010670204 0.010638357 
-0.008370934 -0.008401416 
-0.0009865017 -0.0009838626 
0.00804914 0.008061406 
0.0017277913 0.0017265971 
-0.003480202 -0.0034928515 
0.0010578196 0.0010505423 
-0.012684283 -0.012683104 
0.0035848902 0.0035843907 
1.9747484e-05 1.69206e-05 
0.014881511 0.014918387 
0.00011405239 0.00010067457 
0.043283116 0.043392207 
-0.038908977 -0.03897504 
0.022840586 0.022620369 
-0.008261088 -0.007992015 
0.008916097 0.009521703 
-0.020672679 -0.020620773 
-0.0032203337 -0.0032521035 
-0.076346695 -0.07632557 
-0.053205185 -0.053175878 
-0.0102580255 0.010276529 
0.08101168 0.08082975 
0.031763703 0.031813543 
0.012601355 -0.0041325814 
0.015359926 0.015584259 
0.0036512106 0.0039303354 
0.00599089 -0.016373726 
-0.028642777 -0.028592627 
0.05858551 0.058543812 
-0.0140806325 -0.013645741 
-0.0042264294 -0.0044314424 
0.016183663 0.016085008 
-0.023124104 -0.023212003 
-3.9251416e-05 -1.3983293e-05 
0.031346563 0.031440742 
0.0006372494 0.008240094 
-0.011191133 -0.011371732 
-0.04592565 -0.046115782 
0.0042628786 0.0038934024 
0.0073109027 0.006860207 
0.011086894 0.0110316435 
0.0038380106 -0.003945869 
0.04217708 0.042394385 
-0.03218414 -0.031928785 
-0.0018412728 -0.0019678392 
-0.016512366 -0.016275315 
-0.0050850105 0.0018647374 
0.022745125 0.022806758 
-0.007261339 -0.007375288 
0.0017323561 0.0018088546 
0.00015332704 -8.908473e-05 
-0.052850623 -0.053144887 
0.024155824 0.024224795 
-0.022194365 -0.022677666 
-0.003104436 0.0084976535 
0.059555173 0.059471186 
0.0070794756 0.0055984696 
-0.012859092 -0.012794617 
-0.08422753 -0.08417694 
0.030428536 -0.045519996 
0.09786193 0.0979284 
-0.00641372 -0.005294901 
-0.047176167 0.047781315 
-0.03487978 -0.03533663 
0.0388701 0.038531 
0.013634805 0.013997439 
-0.03242044 0.0074407808 
0.033079732 -0.0045673368 
-0.0070642247 0.036199737 
0.00394153 -0.012750814 
0.028416328 0.028228534 
-0.014655023 -0.014683577 
-0.047970295 -0.047991958 
0.005056086 0.0051230364 
-0.06650719 -0.066503756 
0.0706932 0.07093106 
0.052223004 0.0522864 
0.011925309 0.011654785 
0.0024464522 -0.01955742 
-0.033969242 -0.034050096 
-0.09380704 -0.093962684 
-0.023466194 -0.023281457 
-0.020158377 0.0032864034 
-0.0005727285 -0.00057282386 
0.019343596 0.019461228 
0.020745369 -0.004867204 
-0.003547986 0.020904392 
-0.0071541914 -0.0070482288 
0.038941618 0.03902108 
0.09935066 0.09935034 
0.006604314 -0.00819675 
0.003946273 0.0038621258 
0.074432656 0.07463224 
-0.0412535 -0.041250892 
0.04084132 0.04072413 
-0.02196126 -0.02217688 
-2.4282592e-05 -2.0531244e-05 
-0.0778114 -0.07826537 
-0.015193945 -0.014899323 
0.014788937 0.014364222 
0.11011286 0.109581545 
0.02151954 0.021938369 
0.05516784 0.05494731 
-0.030553672 -0.030549483 
-0.004140777 -0.003984357 
-0.055719998 -0.055510215 
-0.00895197 -0.009011849 
0.03010799 0.030086571 
0.00867238 0.008716827 
-0.00747623 0.0080952 
0.0049332245 0.0044702413 
-0.023287985 -0.02327135 
0.035659567 0.035802875 
-0.012317638 0.0023977836 
0.016949808 0.018484915 
-0.009504839 -0.009468905 
9.264895e-07 0.00016760136 
0.06948946 0.06957437 
-0.043229863 -0.043238252 
-0.01740816 -0.0144445645 
0.026248043 0.025761934 
-0.031874463 -0.03185403 
-0.061257157 -0.06155942 
0.019561877 0.0057281367 
0.010413538 0.010556236 
-0.0041676257 -0.004299949 
0.005709009 -0.008698892 
0.0004052864 0.014574602 
0.048921254 0.04891908 
-0.009860916 -0.019331014 
-0.013585278 -0.013497144 
0.005116058 -0.0034317833 
0.0544595 0.054402437 
0.004156663 0.0048738685 
-0.046255738 -0.046262577 
0.03057068 0.030457105 
-0.008309169 -0.008390096 
-0.061480585 -0.06165038 
0.074675985 0.07469809 
0.04107313 0.041127585 
-0.026231006 -0.026346253 
-0.091067046 -0.091036774 
-7.076635e-05 0.0002544952 
-0.034940943 -0.034815885 
0.10656317 0.10684078 
0.009740909 0.00961527 
-0.0039059543 -0.0034500866 
0.02220657 0.022234384 
-0.019382907 -0.01937634 
0.015506375 0.015628928 
-0.0049552177 -0.0050012693 
0.08978212 0.089759484 
-0.05954815 -0.059576593 
0.021788891 0.021595923 
-0.042502314 -0.04258435 
0.005497501 0.005467709 
0.047054972 0.046983745 
-0.020034857 -0.019948788 
0.012665858 0.012680138 
-0.07931909 -0.07931125 
8.818189e-05 9.97645e-05 
-0.14310037 -0.14314668 
0.032904528 0.033059735 
-0.030204032 -0.029956797 
-0.0090265125 0.008785424 
-0.011601777 -0.01166179 
0.008542048 -0.00881135 
0.1214271 0.12166905 
-0.10326285 -0.10332551 
0.06568624 0.06559475 
-0.0067482265 0.005809487 
0.006757725 0.0066265496 
0.036418073 0.036633343 
-0.045301657 -0.045439526 
0.002528363 0.0025804667 
-0.033311397 -0.033215635 
0.08510981 0.085172944 
0.062359754 0.0622735 
0.026518272 0.026488801 
-0.004999889 -0.0051241177 
-0.08094592 -0.08102055 
-0.009883542 -0.0098149795 
0.04777525 0.047778096 
-0.023641085 -0.02369475 
-0.015769985 -0.015881745 
-0.059545007 -0.059337493 
0.018264934 0.018090561 
-0.0009935285 -0.0011900046 
0.01164188 0.0118555445 
0.008092228 -0.006826973 
-0.031642634 -0.031680916 
-9.201849e-05 3.4988465e-05 
0.014243017 0.015158095 
-0.014878464 -0.014595302 
0.04877883 0.049077593 
-0.009001547 -0.008823526 
0.02186926 0.022039209 
0.01728232 -0.017115884 
-0.010645702 0.021099929 
-0.004209783 -0.004043821 
-0.048047382 -0.047899246 
0.0043541193 0.0040194336 
0.01928982 0.0025957786 
-0.0043363413 0.007246921 
0.032158785 0.03202109 
0.006125528 -0.005355883 
0.008596782 0.009246174 
-0.021942953 -0.021973614 
-0.0009870805 -0.017873444 
-0.018114263 0.0020392437 
-0.002679807 -0.002660929 
0.06394044 0.06388578 
-0.049507186 -0.049470503 
0.0033982485 0.0033558197 
0.03761374 0.037674863 
0.10226142 0.10223658 
-0.025420427 -0.025519837 
0.017004445 0.01700022 
-0.062427323 -0.062404297 
0.13329114 0.13333145 
-1.3064855e-06 -4.1143285e-06 
-0.016083637 -0.016099982 
-0.037847877 -0.03784981 
0.05050085 0.050576493 
0.08052074 0.08051939 
-0.09938896 -0.099456675 
0.009489427 0.009575991 
-0.008380442 -0.008299269 
0.026233131 0.026137367 
-0.07806873 -0.07808584 
0.04857366 0.04870829 
-0.004645565 -0.0043300004 
-0.02590008 -0.026003212 
0.016661037 0.016866118 
-0.071304604 -0.07133229 
0.025263997 0.025275439 
-0.0502036 -0.050178114 
-0.010056 -0.010121421 
0.004037829 0.004487673 
0.10622438 0.10605971 
0.035584208 0.035429053 
-0.103548765 -0.10353667 
-0.036721323 -0.036685675 
0.06849077 0.068614885 
0.01591004 -0.0152690895 
-0.0003882337 0.00026076514 
-0.010799802 0.010609685 
-0.01699829 -0.01703358 
0.009927942 0.009693455 
0.004534083 -0.0045295213 
0.0001232968 8.340701e-05 
-0.017756615 -0.01780291 
0.028591417 0.028568251 
0.013814414 0.014027509 
-0.03351345 -0.03332074 
0.040253475 0.040397137 
-0.007292251 -0.0073574837 
-0.024588278 -0.024626488 
0.008399409 0.0086544035 
0.05997901 0.060242884 
-0.012007751 -0.012211014 
-0.045046072 -0.045021586 
-0.0031565172 0.013854731 
-0.016269475 -0.00020729861 
0.020351667 0.020216413 
-0.003227745 -0.00302102 
0.0038351102 0.0037568978 
-0.0631348 -0.063404836 
0.002080934 -0.0145470025 
0.015128777 -0.00016062052 
3.7329955e-05 5.6642744e-05 
0.0070893792 0.01603839 
-0.0047631003 -0.014488038 
-0.005221653 -0.005654159 
0.0063054166 0.0067814807 
-0.010004327 0.00096280366 
-0.0025289524 -0.0023228303 
0.033829562 0.033929925 
-0.017154314 -0.01791825 
0.011643136 0.0010654349 
-0.013664537 -0.012324161 
0.004067063 -0.0065895272 
-0.0026142015 0.007826076 
-0.033039898 -0.033763457 
0.003068904 0.0027666443 
0.016487354 0.01580355 
0.01136675 0.010429273 
-0.024138398 -0.023353362 
0.02277992 0.022803923 
-0.009292715 -0.00870191 
-0.011046632 0.001124559 
0.021638675 0.02152976 
-0.046776216 -0.046839345 
0.0045999316 0.0044499487 
0.050392814 0.05048564 
-0.026987612 -0.027150076 
-0.0035600252 -0.0037567853 
0.029346708 0.02951466 
0.015135679 0.014780129 
-0.01969449 -0.019508306 
-0.0078112953 -0.008569303 
0.001313905 0.013695968 
-0.036115427 -0.036121245 
0.038943693 0.038881402 
0.00017665664 0.00043834414 
0.06541002 0.06520395 
0.009621074 0.008860734 
-0.058071554 -0.057969805 
0.0073400466 -0.0061633107 
-0.013281099 -0.013437198 
0.011110826 0.011261408 
-0.00565421 0.007202464 
0.00060037273 0.0006278929 
0.03601059 0.036185663 
-0.06269403 -0.06265502 
-0.007550956 -0.0074884063 
-0.04762617 -0.048154052 
0.06559234 0.06515962 
0.018092467 0.017885774 
0.006627441 -0.006150623 
-0.0029949257 -0.0030102287 
-0.036422644 -0.03622891 
0.09194047 0.092145406 
0.02637429 0.026261102 
-0.012919054 -0.012944401 
-0.085676126 -0.08536098 
0.048242353 0.048404675 
-0.01926115 -0.019355968 
-0.027051242 -0.02686704 
0.005432114 0.0053255474 
0.02199236 0.021144494 
-0.01337996 -0.013860383 
-0.00011595474 -8.797801e-05 
-0.07732818 -0.077642456 
0.048131395 0.048381917 
0.0124406 0.013152428 
-0.035663556 -0.035342377 
-0.0065147956 -0.0059614466 
-0.023413545 -0.023136284 
-0.007692322 0.010055281 
0.0058871103 0.0055991313 
0.1086317 0.10790393 
0.06925973 0.06970803 
0.0062479964 -0.010422314 
0.033720348 0.032316912 
0.024569329 0.00076378917 
-0.051962417 -0.0521669 
-0.027618965 -0.0036213796 
0.007686723 0.0334779 
-0.0058473656 -0.032940395 
-0.033872142 -0.034045976 
5.5461205e-06 -0.00025269802 
0.034161683 0.033998296 
0.0035691946 0.010855448 
-0.012655451 -0.012665963 
-0.0057211383 -0.005317782 
0.023611376 0.023711825 
0.00518062 0.0049322248 
-0.024038825 -0.023902811 
0.012453923 0.012258575 
-0.01748592 -0.017611016 
-0.0017869917 0.0041932897 
-0.008747344 -0.008768384 
-0.00019138964 -0.007990178 
0.0024087369 0.0021089723 
0.017162701 0.017164368 
0.008069237 -0.0031928457 
-0.0027292245 -0.0024366109 
-0.010263636 0.0027696285 
0.008851435 0.007944139 
0.00015104591 -4.202027e-05 
-0.06270329 -0.06285853 
0.081824385 0.081602804 
0.022331063 0.022367593 
-0.021133853 -0.020986091 
-0.15101105 -0.15122253 
-0.10947527 -0.10964669 
0.10846066 0.108928055 
0.013279678 0.013141054 
0.06295545 0.06299967 
-0.0046927487 -0.005459072 
0.14266212 0.14299439 
0.046799127 0.046836138 
-0.009523327 0.00964952 
0.0059022955 0.0051427362 
-0.045523293 -0.045594912 
-0.083074845 -0.08263708 
0.033660658 0.033369318 
-0.012162216 -0.012502928 
-0.031727288 -0.0317636 
1.2661819e-05 0.00022269323 
0.029468862 0.02961297 
-0.028898891 -0.028694494 
0.0140658645 0.014204615 
-0.002688181 -0.022944802 
-0.003699937 -0.003662368 
0.008661701 0.008450059 
-0.020422528 -0.020065488 
-0.013644521 -0.013133538 
0.003983436 0.0040407223 
-0.04063899 -0.040794436 
0.041119367 0.04089785 
0.0592773 0.059404287 
0.024968676 0.004731162 
-0.007898869 -0.008061116 
-0.0012356032 0.018300034 
-0.01625761 0.0043689944 
-0.058402333 -0.05835377 
0.020632884 0.021374784 
0.009028123 -0.008160608 
0.0065086195 -0.009333287 
0.007865156 0.0065155933 
0.027228361 0.013782893 
-0.038370296 -0.038025066 
-3.684205e-05 1.1749563e-05 
0.09910316 0.099583454 
-0.0527652 -0.052585647 
0.071839444 0.07134812 
0.052101634 0.05240619 
-0.0134573635 -0.017321577 
-0.09814869 -0.09818221 
-0.007842417 -0.0067426777 
0.14714682 0.14707339 
-0.025641244 -0.027276088 
0.03800886 0.037181668 
0.024195269 0.028211357 
-0.071524695 -0.07172855 
-0.004972661 0.011033591 
0.013980752 0.016379876 
-0.024214739 -0.011418465 
-0.0024227693 -0.002401742 
0.00943082 0.009447144 
-0.009732851 -0.0097569255 
0.0009698761 0.0009973566 
0.015292522 0.015420414 
-0.0075600385 -0.007528684 
-0.0162347 -0.016083391 
0.005367464 0.0053694868 
0.029479545 0.029386062 
-1.065443e-05 -9.0458725e-06 
-0.0056429054 -0.005622331 
-0.012434833 -0.012479844 
-0.022298552 -0.022496475 
0.020451069 0.020383043 
0.0072697084 0.0072367345 
0.012023388 0.011976411 
0.0036850232 0.0037319898 
0.0022948969 0.0022376876 
-0.0010674016 -0.001087798 
-0.0039231083 -0.003958353 
0.004673268 0.004433921 
-0.0431254 -0.04335472 
0.03721184 0.037240397 
-0.012405014 -0.0123747885 
0.025842158 0.025743866 
0.017324232 0.017218713 
-0.065939404 -0.06615767 
0.0063062897 -0.006596037 
-0.020052768 -0.020153617 
-0.005919538 -0.005836978 
-0.024154639 0.00276351 
0.08128373 0.080852255 
-0.029802544 -0.029688243 
-0.00041784637 -0.00031327462 
0.053736087 0.05372947 
0.0033210882 -0.023774503 
0.024436647 -0.001555068 
-0.006566871 0.007134473 
0.010099826 0.010523251 
-0.0018171277 0.026111148 
-0.004420323 -0.004669667 
-0.060423773 -0.06030248 
0.004494798 0.0041316175 
0.04871088 0.04869746 
-0.016500592 -0.016596768 
0.09516401 0.095218495 
0.024908597 0.02481944 
3.202842e-05 -0.00022452942 
-0.116119914 -0.11592746 
-0.03318435 -0.03308772 
0.035293438 0.035431985 
-0.08552583 -0.08571145 
-0.009936714 -0.0100995 
0.06676634 0.06666172 
0.010023962 0.009754432 
0.1294976 0.12944569 
-0.04498171 -0.04492601 
-0.007789744 0.008200834 
-0.023981595 -0.024012716 
0.016639343 0.016655821 
-3.3056516e-05 -3.2272728e-06 
-0.004609303 -0.023022342 
0.035278182 0.034954477 
-0.013258755 -0.01200809 
-0.085118406 -0.08529398 
0.011426394 0.013617086 
0.086286865 0.08724249 
0.022100488 0.003950452 
-0.0060766046 0.008796479 
-0.05394091 -0.054087818 
-0.023014376 0.0039869426 
0.0067547965 -0.0078059784 
-0.023454577 -0.021703918 
0.05410129 0.053941686 
0.005659394 0.0050295754 
0.021845352 0.022858217 
-0.005639659 -0.0052701985 
-0.03530728 -0.036316026 
0.020654766 -0.019762529 
-0.006066232 0.026494855 
-0.017111344 -0.012100416 
0.026675554 0.026436457 
-0.05080485 -0.050561406 
0.0040154546 0.0039174575 
0.09237339 0.09243574 
-0.06827862 -0.06829392 
-0.092000484 -0.09238856 
-0.023925062 -0.02403643 
0.037173577 0.037191376 
0.008022224 0.012264043 
0.050249454 0.050411798 
-0.0067817587 -0.006222281 
-0.035382416 -0.03561686 
0.0683035 0.06813336 
-0.009420708 -0.017393226 
0.006592028 -0.008502961 
0.017491594 0.018254608 
-0.0008243316 -0.0007245757 
-0.00823658 0.008097375 
0.0151555445 0.005719289 
-0.005248178 -0.0056336313 
0.04709845 0.052597 
-0.022119947 -0.02468798 
0.00023590913 0.00017120561 
0.027451321 0.03467397 
-0.034185898 -0.037319627 
0.15424138 0.15625101 
0.07376096 0.06829164 
0.007042201 0.007376021 
-0.072925024 -0.07336369 
-0.03555109 -0.014150855 
-0.001290732 -0.023084667 
-0.051210772 -0.050072823 
-0.014146703 -0.012220141 
0.003137654 0.027097585 
-0.014344948 0.0082739135 
0.04509288 0.02409024 
0.019635024 0.016548477 
0.101458736 0.10314849 
0.019053817 -0.0065854406 
-0.018076647 -0.01821291 
0.018702008 0.018653268 
-0.080945864 -0.080792435 
0.0021933238 0.0021925054 
0.06644258 0.06699342 
-0.037264477 -0.03719127 
0.052893154 0.052314118 
-0.005830971 -0.0058873077 
0.027287655 0.027085543 
0.011735894 0.011874324 
-0.026765974 -0.026678603 
-0.051085435 -0.0513478 
0.03789344 0.038020328 
-0.0120814 0.011885771 
0.08008934 0.07996937 
-0.06682176 -0.06675908 
-0.0013858253 -0.0013970269 
0.011866671 -0.0119113065 
-0.011268918 -0.011148692 
0.0066900016 0.006610081 
-0.0017836152 -0.0017165337 
-0.014931065 -0.014970488 
0.013765872 0.01394708 
0.031229248 0.032042895 
9.992806e-05 9.566981e-05 
-0.007251871 -0.007211783 
0.009102 0.009261202 
-0.029194769 -0.029293312 
0.02127131 0.020752832 
0.012754649 -3.637522e-05 
0.044813752 0.04408306 
-0.040205464 -0.039909523 
-0.013114329 -0.0020568839 
-0.010374537 -0.010748739 
-0.021004975 -0.021110373 
0.00018107318 -0.010117907 
0.0024690682 0.0024073967 
-0.0012975393 0.010178097 
-0.0043634037 -0.004223904 
0.005587454 0.005477983 
-0.022020282 -0.021723691 
3.8195998e-05 3.3986656e-05 
0.012985418 0.015070739 
0.07025063 0.06620556 
-0.0048003444 -0.004767616 
0.0054230522 0.0053518238 
-0.05420626 -0.053673025 
0.010134124 -0.019966768 
0.024671033 0.0009799787 
-0.0142840985 0.014977148 
0.044765096 0.043611355 
-0.055282682 0.023985222 
0.0073428364 -0.06509698 
-0.012174507 -0.01149151 
0.055048015 -0.025095994 
0.026248906 0.027534759 
-0.00394339 0.06057069 
0.10227275 0.103791 
-0.08189111 -0.07973478 
-0.035412144 -0.035167385 
0.0043678256 0.005940924 
-0.030261876 -0.030294076 
0.036471624 0.0361337 
-0.055191822 -0.0550655 
0.08302629 0.08300719 
0.010941884 0.011776105 
-0.005457625 -0.0069629047 
-0.10143774 -0.101574 
0.026024366 0.02643918 
-0.041171882 -0.04123589 
0.06307553 0.06305605 
0.018442437 0.017964074 
-0.013565584 0.0014153951 
0.04801181 0.0482748 
-0.020986708 -0.020899545 
0.0111002885 -0.003758696 
0.11640601 0.116055764 
-0.00024774828 -0.00014480001 
-0.07339643 -0.07348214 
-0.012716484 -0.013618837 