<<<<<<< HEAD
20 18 22 19 16 4 2 5 3 1 4 9 9 
16 13 24 6 1 2 6 13 7 3 5 6 6 
21 27 13 17 27 12 13 24 18 9 2 3 5 
1 1 3 3 4 5 3 2 2 1 2 2 4 
2 3 2 1 1 6 21 28 27 19 7 1 3 
11 12 17 21 14 13 6 4 8 12 11 11 10 
15 11 22 23 9 4 2 4 12 6 6 5 14 
15 17 17 10 12 8 4 4 5 13 15 21 13 
7 10 3 11 16 7 6 7 6 6 4 3 1 
9 9 11 6 9 12 12 5 10 7 10 6 15 
23 9 20 8 13 10 5 5 4 4 7 9 17 
21 28 20 16 26 9 12 14 7 6 16 13 16 
19 21 20 8 12 9 16 15 7 10 7 8 8 
16 11 5 20 7 10 7 12 11 14 17 15 15 
9 2 5 5 4 2 3 2 3 5 7 5 13 
13 13 18 12 9 10 13 6 8 4 3 5 7 
2 10 7 14 4 11 3 3 5 4 3 5 9 
15 14 19 14 14 6 7 8 14 8 16 10 14 
18 16 2 8 2 6 7 8 12 18 17 14 19 
17 14 5 4 7 5 6 9 10 6 7 8 4 
16 24 21 8 10 3 8 5 5 8 8 5 11 
9 11 12 7 6 7 8 7 9 8 11 8 11 
10 12 10 10 3 2 4 4 2 3 2 3 3 
10 8 2 3 6 7 9 6 7 7 9 10 18 
20 27 19 16 8 8 7 10 10 9 12 11 15 
18 13 21 12 15 1 4 3 4 4 5 9 17 
18 11 8 12 10 3 3 3 3 8 13 8 12 
1 26 29 24 27 30 28 26 30 30 3 2 1 
18 14 25 21 14 3 4 4 4 4 6 9 10 
13 19 16 14 13 8 5 4 6 9 7 7 9 
2 7 3 2 3 2 1 3 7 6 7 5 3 
5 10 16 13 20 9 8 9 10 13 15 16 18 
14 5 9 4 3 8 6 5 8 9 11 9 15 
8 6 8 3 15 10 11 15 12 10 9 9 11 
17 12 13 10 6 9 8 10 14 15 13 10 12 
21 14 7 16 22 6 8 14 13 5 5 5 8 
9 9 8 6 4 5 1 5 9 10 10 8 10 
15 7 16 5 6 6 6 6 5 9 7 8 6 
2 2 2 4 5 4 7 13 9 10 7 10 13 
3 8 21 4 2 5 4 4 12 7 7 5 18 
17 9 14 15 10 15 9 8 5 5 5 9 23 
14 8 10 4 3 11 10 8 15 10 1 5 7 
12 8 10 4 4 9 6 9 10 10 12 11 16 
19 17 9 24 18 20 2 3 3 2 1 1 14 
8 8 11 6 5 7 5 4 7 6 6 5 8 
11 9 10 13 4 7 5 10 13 12 12 12 13 
8 12 8 9 7 8 7 14 7 11 13 7 15 
10 7 3 7 6 5 6 4 1 2 1 3 9 
7 7 3 2 7 10 8 14 14 8 11 8 10 
12 9 7 14 9 16 9 6 1 9 20 15 21 
3 3 10 4 6 6 8 7 5 8 5 8 6 
4 4 3 10 5 6 6 7 5 4 6 6 7 
8 11 11 12 12 7 6 7 8 7 6 7 6 
8 11 13 6 14 13 5 5 6 2 2 2 6 
8 10 10 5 1 2 4 6 4 4 4 4 4 
13 7 10 5 7 6 7 6 12 16 15 16 20 
6 6 3 4 6 3 2 4 4 5 3 3 6 
3 2 2 3 2 3 3 4 4 3 3 2 3 
10 9 6 10 14 17 16 10 4 5 4 7 18 
5 5 5 10 14 14 12 4 5 6 7 7 9 
15 16 13 17 13 6 8 7 9 10 6 11 19 
12 10 12 4 3 8 7 7 8 15 9 9 12 
13 9 12 11 12 18 10 5 12 11 10 7 9 
11 8 12 13 16 4 5 5 4 6 9 9 13 
6 5 3 2 2 7 3 9 2 3 2 9 2 
10 9 14 9 9 4 6 7 8 10 11 12 20 
8 7 8 6 6 8 4 8 8 9 8 10 12 
4 10 4 5 4 2 2 4 4 4 4 4 4 
11 7 11 7 14 8 6 3 7 8 4 7 7 
2 2 2 2 2 2 2 1 2 1 1 2 2 
19 24 17 9 6 11 12 9 11 9 11 12 15 
21 17 19 11 10 7 3 9 12 3 10 21 21 
16 10 20 14 16 13 11 15 4 7 6 8 10 
13 4 2 5 2 2 2 2 2 3 1 2 5 
8 10 7 8 4 4 4 3 3 4 5 4 3 
11 3 5 8 4 5 7 5 4 7 6 9 12 
3 4 2 3 3 3 3 4 5 3 2 7 6 
13 9 8 3 5 6 4 3 2 2 3 4 4 
13 16 13 18 6 4 2 11 5 11 10 7 12 
12 7 13 13 15 14 13 7 5 5 10 12 16 
10 8 8 7 8 10 10 8 5 5 4 6 7 
10 5 5 7 3 10 1 4 2 4 2 1 4 
11 9 8 4 13 5 8 7 9 9 9 7 6 
40 5 1 1 1 2 3 1 2 3 4 3 3 
14 13 10 12 9 4 2 2 3 3 3 3 4 
8 4 4 7 6 7 6 6 10 6 5 2 2 
14 18 16 3 6 6 7 4 10 7 4 8 12 
2 3 7 6 4 3 2 2 4 3 2 2 3 
4 2 2 1 1 40 40 44 41 43 40 7 3 
3 6 6 1 5 2 2 2 2 1 1 3 4 
=======
14 12 12 16 13 11 10 11 11 10 9 7 14 
20 18 22 19 16 4 2 5 3 1 4 9 9 
7 5 9 3 4 6 2 1 1 5 2 1 1 
16 13 24 6 1 2 6 13 7 3 5 6 6 
1 5 20 3 3 9 10 12 18 22 28 29 42 
21 27 13 17 27 12 13 24 18 9 2 3 5 
30 37 12 44 28 35 23 22 16 17 14 7 2 
1 1 3 3 4 5 3 2 2 1 2 2 4 
11 10 13 5 9 14 7 8 5 2 5 2 5 
2 3 2 1 1 6 21 28 27 19 7 1 3 
15 15 17 17 13 16 15 13 13 11 11 9 8 
11 12 17 21 14 13 6 4 8 12 11 11 10 
7 17 12 11 13 22 11 10 13 14 36 35 35 
15 11 22 23 9 4 2 4 12 6 6 5 14 
19 17 19 12 12 14 10 13 11 9 11 3 6 
15 17 17 10 12 8 4 4 5 13 15 21 13 
17 3 1 10 6 6 20 20 17 20 21 10 11 
7 10 3 11 16 7 6 7 6 6 4 3 1 
7 20 20 6 8 7 16 11 6 5 5 5 3 
9 9 11 6 9 12 12 5 10 7 10 6 15 
4 1 6 8 8 9 12 9 8 9 14 15 11 
23 9 20 8 13 10 5 5 4 4 7 9 17 
9 8 7 9 8 14 14 21 27 26 23 26 29 
21 28 20 16 26 9 12 14 7 6 16 13 16 
17 21 18 20 36 31 5 28 29 32 33 36 34 
19 21 20 8 12 9 16 15 7 10 7 8 8 
12 12 5 7 7 5 5 7 6 4 6 3 6 
16 11 5 20 7 10 7 12 11 14 17 15 15 
33 40 34 39 35 38 33 24 27 25 30 13 28 
9 2 5 5 4 2 3 2 3 5 7 5 13 
8 9 7 19 17 16 8 9 9 33 16 9 10 
13 13 18 12 9 10 13 6 8 4 3 5 7 
2 10 7 14 4 11 3 3 5 4 3 5 9 
10 10 3 1 16 10 7 3 4 10 7 3 8 
15 9 2 11 17 23 22 19 19 17 18 20 25 
15 14 19 14 14 6 7 8 14 8 16 10 14 
7 6 6 7 11 10 9 11 8 7 7 7 10 
18 16 2 8 2 6 7 8 12 18 17 14 19 
19 15 14 13 12 15 14 11 8 12 11 11 9 
17 14 5 4 7 5 6 9 10 6 7 8 4 
12 15 16 17 14 13 16 20 15 26 29 32 16 
16 24 21 8 10 3 8 5 5 8 8 5 11 
5 4 5 4 4 4 4 3 4 4 8 5 7 
9 11 12 7 6 7 8 7 9 8 11 8 11 
7 12 7 8 7 7 7 8 8 4 14 15 16 
10 12 10 10 3 2 4 4 2 3 2 3 3 
9 14 8 7 17 12 16 11 12 13 16 16 10 
10 8 2 3 6 7 9 6 7 7 9 10 18 
29 21 21 28 24 24 25 27 30 17 15 22 20 
20 27 19 16 8 8 7 10 10 9 12 11 15 
6 6 10 13 15 17 14 15 16 16 15 12 12 
18 13 21 12 15 1 4 3 4 4 5 9 17 
17 14 10 10 4 7 4 3 4 6 4 4 4 
18 11 8 12 10 3 3 3 3 8 13 8 12 
10 11 12 11 10 9 9 7 9 9 9 9 7 
1 26 29 24 27 30 28 26 30 30 3 2 1 
26 21 9 4 4 6 4 5 4 2 4 13 14 
18 14 25 21 14 3 4 4 4 4 6 9 10 
15 13 14 15 14 12 15 13 13 20 32 27 23 
13 19 16 14 13 8 5 4 6 9 7 7 9 
32 26 36 38 28 26 34 26 19 19 18 15 9 
2 7 3 2 3 2 1 3 7 6 7 5 3 
25 20 18 17 9 14 4 1 9 9 7 7 8 
5 10 16 13 20 9 8 9 10 13 15 16 18 
8 13 15 11 8 6 9 8 6 8 11 7 10 
14 5 9 4 3 8 6 5 8 9 11 9 15 
31 25 20 19 18 8 12 9 7 6 6 7 6 
8 6 8 3 15 10 11 15 12 10 9 9 11 
27 22 24 29 20 22 20 22 20 23 14 18 13 
17 12 13 10 6 9 8 10 14 15 13 10 12 
19 19 19 20 19 19 19 18 18 20 17 18 16 
21 14 7 16 22 6 8 14 13 5 5 5 8 
12 11 3 8 2 4 4 3 4 3 2 2 1 
9 9 8 6 4 5 1 5 9 10 10 8 10 
26 25 19 17 15 23 22 22 17 17 16 17 15 
15 7 16 5 6 6 6 6 5 9 7 8 6 
17 11 10 9 10 10 10 10 10 12 10 8 4 
2 2 2 4 5 4 7 13 9 10 7 10 13 
12 12 20 18 17 17 17 11 16 15 26 24 24 
3 8 21 4 2 5 4 4 12 7 7 5 18 
11 11 8 7 7 6 6 7 7 6 6 6 4 
17 9 14 15 10 15 9 8 5 5 5 9 23 
14 8 10 4 3 11 10 8 15 10 1 5 7 
10 10 9 4 4 5 5 4 4 5 5 6 6 
12 8 10 4 4 9 6 9 10 10 12 11 16 
21 23 18 18 21 23 20 22 14 14 9 17 21 
22 11 17 6 16 17 24 24 21 32 23 23 31 
19 17 9 24 18 20 2 3 3 2 1 1 14 
18 11 23 16 23 19 22 15 20 25 29 24 35 
8 8 11 6 5 7 5 4 7 6 6 5 8 
>>>>>>> 73b0bd2f4c44632e346b9f2026d63da099b8a414
