-35.802647 153.29361
-27.170883 135.32137
-27.630888 127.52692
-23.34429 111.9663
-26.27773 126.562096
-26.050716 123.22071
-29.122116 138.17276
-27.814304 139.26596
-21.043646 121.47666
-31.206984 146.21701
-27.061964 132.04701
-30.509497 123.87134
-24.569458 120.7331
-26.079376 123.66969
-25.973108 125.85354
-25.608377 128.81137
-26.683104 132.27457
-25.80838 118.461845
-32.32064 153.32655
-30.800064 141.12195
-24.350101 127.02953
-31.201433 135.19359
-25.786615 117.64953
-27.350101 137.78322
-27.489578 124.44779
-25.854143 122.4234
-30.733383 141.60335
-28.917526 132.18324
-36.129547 152.21042
-28.614595 124.817024
-30.006935 131.21072
-25.274319 128.19427
-30.359468 128.49484
-27.834984 132.12613
-30.007719 129.48317
-28.074217 134.67476
-26.611969 123.282906
-23.454723 114.65521
-23.715488 123.04221
-26.481737 129.81776
-29.822308 132.8861
-19.794632 103.88442
-31.116652 145.69849
-32.762226 143.25519
-24.283525 127.43875
-26.891254 129.8022
-31.41185 133.43858
-25.567047 117.54906
-28.272388 140.87589
-28.921396 129.04143
-25.846535 116.66825
-30.968771 143.40369
-30.39111 146.66528
-25.036205 113.20674
-26.85612 134.67654
-32.912052 154.54646
-24.401264 113.06751
-26.091684 125.96847
-28.138247 123.19366
-23.004776 115.72355
-29.599165 138.8915
-32.139793 146.67894
-26.652533 120.42401
-28.015142 140.8653
-33.426857 143.4267
-28.46436 141.02026
-29.18022 127.19236
-29.068 143.1221
-25.91525 117.96501
-33.016575 131.01343
-26.438028 127.598404
-33.444828 146.39131
-25.307463 127.893936
-27.542036 128.82112
-29.6279 137.55011
-27.05322 126.74369
-30.606125 127.89534
-25.821823 120.63934
-24.680538 136.92822
-29.30306 141.75896
-21.882572 118.09212
-31.924002 152.84302
-31.762665 149.06839
-31.654642 133.7494
-29.987694 143.30873
-31.15327 138.17677
-26.609137 137.7391
-34.668137 154.30086
-32.197643 142.55064
-31.046747 148.09863
-27.439775 119.98872
