2319.928223786056 741.1114950288796
2506.1032994790894 1097.2482010838178
2644.5490746780697 902.4859803610537
2422.7898792241817 679.156570345692
1942.5280512882978 735.8778878060216
2849.047269754149 845.087983265485
2370.4507240901667 968.8299394920159
1899.376020181468 847.2472190070026
1928.5801284204458 954.1243124481564
1127.442100405713 900.3098650809791
1459.6886214827018 1244.7653865508041
2177.932440109949 918.2776745999239
1973.4989529947536 1131.411127945504
2274.1379069699124 1127.362281906409
1634.5762941167925 726.4160509402527
3193.1429826604085 1077.7369749079537
2029.108370134759 1054.8887068151664
2440.6793683096325 886.3069366262831
1784.7719026525087 1322.2646027672547
2347.8250095726394 807.3016909924321
1851.8628817690646 1052.084061136702
2705.7905681403304 826.0447048328723
2218.9632282635775 1188.0437110743617
2187.806476126936 863.500675132671
2178.181874366926 587.3760960954988
2126.8762488509956 842.1608174298202
2243.9777932154034 1161.5554291895917
2275.3828905838136 816.1919812933029
2883.508474782585 853.6999131574086
2396.800177148311 1148.560089743769
2364.3743845323793 880.4505312012717
2277.915295763399 1420.7063491410788
2358.628834027719 968.708974509989
1902.035129230611 1270.7017703437357
1675.7683016240694 689.7801109110474
2549.8120310275617 680.934521034326
2398.7831241785666 1006.8228819823045
1663.5718949683524 854.9024300508748
1826.8958592635247 1302.7239201579425
1959.9740743395607 1202.9230929369467
1637.76930659658 834.6082341507234
2992.101594427389 877.9456250047451
2364.475475741285 976.8690374818065
2631.552266250124 1330.4298570880594
1788.41037837225 893.4144415977023
1960.149976454108 819.1440392714576
1885.499725418243 837.0894611268359
1733.2600409691688 1230.3727949099064
1927.7436280396382 975.0112039197331
2275.302273883184 630.1779135964159
2874.703195012879 913.7469600351251
980.9970794172011 1287.132255279692
2535.3587035305563 1171.4173598765806
2476.7416362231147 518.9781216430105
2978.804295044426 1131.419601929691
2399.0971884473997 984.1615891382469
1848.6453281971528 792.1946889943537
2713.6543188462642 1349.8073773009075
2141.1220641051978 1247.5534807787396
2717.178873809564 929.7631117496015
2272.6377153218186 808.0317297301115
2036.837562054675 1084.0042326984292
2254.067527950378 1028.7236956057154
2478.5377229563114 1384.620721714518
2647.4404563158664 1088.9765883739003
1212.4643703138274 329.0918539268248
2028.9001709411255 787.5472207398637
2247.8260084806434 1146.4026374126834
2676.4693514009455 1026.8181889828484
1518.8631663851738 827.9684494354865
2513.6966051341137 849.4100724255918
2154.107140857256 998.4780406586375
956.2355066351128 572.969892058292
1769.383958157039 1067.8089413797736
1907.9795864748817 1397.880178049834
1601.8611710506577 585.1967845870071
2041.6431338857183 1326.5099120231441
2344.0753385582834 1208.0197920258454
1820.0145540649285 1071.9735653933672
1356.8541098665987 800.0026115749614
1934.0791574916389 951.7534557543432
1803.8775438356743 841.2318949317214
1510.3359514408082 777.0555306777643
2502.2716574365363 1336.4653555419723
2025.2072260460009 1136.7831512989264
1373.8223749926644 1072.6698561678334
2033.5865431207621 780.4579516882969
2022.9181930097766 1181.3071403067568
2169.0190716535526 558.6526674403265
2574.8158009558288 1084.62133456123
2670.3396730906006 884.6244475302487
