0.01889053 0.1848937
0.078352295 0.70672977
0.07461376 0.7947854
0.120354675 1.2437763
0.087800115 1.0084152
0.060781423 0.5056834
0.051138464 0.5637973
0.06782793 0.7409492
0.12977016 1.1394521
0.046473183 0.5643601
0.11184444 1.1240628
0.096785516 0.94598556
0.10968586 1.2205882
0.10712598 1.2418444
0.06945928 0.8937423
0.08273838 1.12554
0.11107127 1.0741171
0.1684901 1.628493
0.05405163 0.44062632
0.04729342 0.45746154
0.13029927 1.0260167
0.050737917 0.5272056
0.15031019 1.8056035
0.061162062 0.50961185
0.090564944 0.9729733
0.12734851 1.5356334
0.054620497 0.58489335
0.059878077 0.5587182
0.024628729 0.20484906
0.12450351 1.0859951
0.08264292 0.75490904
0.12245163 0.89695257
0.09500503 0.81083804
0.101423256 1.0407237
0.14370416 1.3710843
0.042350125 0.63552725
0.13076673 1.0866245
0.17444669 1.799279
0.22612022 1.632232
0.0791135 0.9236444
0.09108467 0.82489204
0.22571282 1.744778
0.0379592 0.48255706
0.08891684 1.0181257
0.1075663 1.1417583
0.08713915 0.77258474
0.06981939 0.69483817
0.22738062 1.7425319
0.06056834 0.55307484
0.09380175 0.8044006
0.16277494 1.5089375
0.05316879 0.51941586
0.037794173 0.40494904
0.09511451 0.7395471
0.1067712 0.8945685
0.03260024 0.2905831
0.15763763 1.5774164
0.109637044 0.712668
0.1311171 1.1394849
0.12755135 1.1458019
0.05554026 0.9014548
0.045508232 0.48860794
0.107551895 1.2520558
0.062103573 0.5970039
0.043909114 0.4461129
0.05207793 0.6611751
0.090042174 0.7129104
0.07904847 0.71259135
0.13399957 1.2177552
0.119574174 1.0510099
0.074079074 0.9041281
0.06785463 0.623884
0.07806306 0.798361
0.11695613 1.2673644
0.08520195 0.7067455
0.10663172 1.3246077
0.12589177 0.90520316
0.12302577 1.2475919
0.101638995 0.913723
0.0712051 0.6014094
0.1382934 1.379316
0.021901477 0.29610437
0.037622973 0.38336927
0.0776362 0.7510233
0.039051533 0.4526917
0.099838294 0.9164584
0.06835976 0.64675605
0.02699403 0.2560661
0.046242155 0.5247452
0.026961636 0.34720662
0.12224074 0.91601014
