3051.5202921833697 1382.359809008377
3008.9838839545796 1830.9183789746091
2743.0706548025387 1490.697867322904
2582.6809485741182 1445.1286643380809
2483.9910126930076 1606.0763686533428
3081.83071743033 1418.2703007725338
2622.7975405048405 1645.7723237193998
2089.003547515356 1498.1431793195895
2323.956524786452 1606.5296491483814
1883.3361985810247 1279.9506350361835
1978.155216700255 1546.2919339985158
2467.6394929394787 1530.7537888339157
2717.7682233069545 1818.7063768054036
2434.2808556659893 1881.8310035768216
2026.3392849992995 1428.0456791989031
3139.3255582953925 1485.5817634826878
2204.357091968627 1580.8998398417345
2305.4779648638632 1445.694486556872
2410.5345219558526 2120.6696378331285
3037.6882244909116 1282.1335928990807
2481.338041388255 1778.7775688441475
2589.6228772710374 1657.0891790046016
2312.008690037455 1822.3203945980385
3068.6010911372664 1605.772739513074
2335.4251882807307 1332.37892808793
2464.467874420263 1603.2488125526288
2370.0250374569127 1621.5979606905562
3134.6074929119563 2142.801682355764
3652.893902506904 1662.8686175186222
2328.328941294563 1601.1240178795952
2981.2111189020898 1625.8717639995314
2646.548077812836 1702.8773820716187
2888.0362200350546 1724.7444106201035
2126.943569740769 1924.5564658158692
2082.1441289018976 1242.5753839778154
2253.6611953115357 1167.1358774823443
2521.3255165372407 1523.439200565902
2091.6884070586952 1304.3161244780924
1997.2454173816209 1559.4853328851668
2011.1350363083322 1692.5229808076645
2870.591032848587 1946.8634467918123
2767.8084655938446 1396.9427754649764
2326.2844392107686 1757.3997778201244
2652.643327899534 1879.3259009093445
2101.814397864941 1391.7394849457232
3064.8855644392384 1793.8117904817782
2870.5023872964734 1667.9720388758399
2381.6290864660978 2010.5278554933295
2221.4142867453747 1688.0785583267034
2043.8100415673293 1253.0173202036594
3176.8897915307966 1348.1898801083075
1162.0065892688426 1688.6229686961606
2258.8729391833594 1837.9665920419106
2705.019066658173 1135.7146203197037
2655.8965956384836 1426.9898090433542
2611.6521516815096 1574.2986370045692
2061.52633257598 1368.017782740025
3256.4584875219034 1747.6548525526632
2689.766585044318 1751.5359626037755
2826.276370210479 1597.694830750547
2368.139810193249 1532.5713363706245
2339.0392613170525 1660.829067521895
2548.3971317103046 1491.1196348489766
2465.2970330919925 1747.092335022404
2284.228499113699 1402.7502722532358
1606.212642154076 753.0043108685915
3118.7929454042496 1465.131629029181
2776.23849602237 2136.4627301340806
2672.7056794871223 1688.364547074505
2155.033324645029 1630.4272200456242
2280.785364788437 1420.6664814351097
2434.3200486695264 1559.2437712955548
1725.8796419802916 1076.0387151383093
2208.7521843281106 1594.9891271074273
2615.4125961405443 1952.5147739272713
1977.7508477702809 1382.8768118682963
2618.7581464952896 1736.1966476478628
2494.5192572442425 1672.6831556481843
2248.4893531584844 1706.8160116671495
2122.049842571203 1499.8666342241731
2579.575574538915 1750.5600998723062
2395.7503427437396 1638.8796739513477
2026.0076224503368 1194.1775623759645
2143.6394519461574 1550.9833543238726
2244.4953683580475 1836.5935902740312
2322.9077816941654 1817.2219950841384
2521.616235187664 1499.341692169232
2596.55919891134 1760.283868154709
2250.346244837621 1430.2049105770468
2556.0561961338653 1827.8883231121724
3399.8424835045835 1597.169450679467
