97 57 89 79 77 76 69 75 61 61 69 66 47 
38 32 66 78 78 63 42 34 33 12 24 20 32 
52 30 22 31 32 15 20 23 18 9 6 11 11 
38 22 30 4 29 33 42 22 18 17 17 17 22 
54 72 61 28 43 69 44 54 62 69 36 56 47 
82 25 53 91 53 76 90 100 87 107 105 82 83 
61 25 52 71 39 42 17 12 11 40 67 37 18 
8 9 4 6 9 11 18 21 20 15 21 23 28 
42 35 30 26 38 35 37 40 72 85 79 77 82 
34 33 43 41 40 39 18 5 14 16 13 16 18 
58 41 16 16 55 50 37 8 6 12 15 12 44 
59 39 22 17 39 58 61 38 84 86 92 88 106 
51 58 48 38 56 40 33 34 32 35 33 37 46 
30 25 35 15 24 11 8 1 4 5 5 6 9 
21 26 30 38 39 54 43 45 49 51 46 43 33 
74 45 43 95 70 55 69 48 42 14 12 18 24 
65 76 85 65 68 84 75 60 64 47 64 53 62 
51 49 51 50 51 51 77 2 39 23 22 42 33 
12 31 33 3 15 23 10 15 21 10 13 14 18 
29 13 15 15 5 12 8 8 12 6 9 8 5 
15 15 8 5 9 9 5 5 5 1 4 6 9 
54 7 31 54 30 50 63 66 75 83 59 89 88 
50 32 55 57 49 38 51 45 36 29 34 26 22 
39 26 14 34 17 15 17 15 11 9 10 25 36 
16 13 16 20 20 10 23 25 23 24 18 18 21 
29 35 45 10 22 12 16 7 6 22 29 23 34 
31 14 31 13 8 15 9 7 10 25 18 20 10 
54 81 78 59 65 72 58 69 63 26 27 6 13 
49 73 65 49 45 40 27 27 30 35 54 43 30 
83 68 27 79 80 48 60 37 24 32 14 13 36 
47 24 36 26 53 34 21 9 25 24 23 30 25 
90 59 82 75 63 81 73 70 62 52 61 68 72 
54 51 59 66 74 84 79 23 55 53 35 54 52 
44 44 54 44 32 33 26 35 39 23 41 35 62 
40 40 34 39 30 19 19 30 25 19 23 25 32 
60 43 49 47 46 48 52 40 58 54 57 54 59 
59 64 45 51 57 58 72 59 64 56 64 69 55 
49 37 45 51 68 61 58 82 43 16 7 14 85 
75 63 53 20 25 51 33 75 42 65 47 42 53 
27 20 55 44 66 54 39 42 52 71 75 72 94 
49 50 58 56 65 52 67 63 58 46 68 32 61 
16 10 16 12 3 2 3 4 7 6 10 11 18 
49 32 57 53 55 33 42 37 47 46 26 27 15 
27 17 47 14 7 18 18 21 14 5 12 14 15 
36 33 53 37 22 33 23 27 36 37 44 32 11 
52 54 57 69 69 68 70 68 44 55 36 35 30 
50 24 36 7 6 14 11 24 21 15 17 16 21 
71 108 107 92 67 86 18 29 48 74 64 21 86 
82 49 85 57 75 78 76 66 70 68 27 29 40 
80 75 91 58 66 63 61 59 51 63 39 67 69 
75 49 56 71 42 50 70 79 77 84 98 85 95 
80 76 77 85 74 70 72 75 73 55 56 61 64 
55 41 35 58 37 46 45 31 29 34 31 30 48 
50 51 46 59 65 89 40 38 34 38 35 36 39 
64 65 33 53 38 37 32 34 38 9 32 30 39 
27 40 17 43 11 6 8 8 8 7 6 6 7 
50 33 36 56 58 75 68 70 68 63 61 61 55 
74 60 23 76 61 49 45 49 43 44 47 32 40 
42 48 20 49 30 57 37 20 15 28 47 39 33 
57 57 53 73 79 79 50 67 39 43 63 57 53 
20 12 14 20 24 13 3 5 4 4 6 4 9 
23 18 20 27 11 21 3 12 7 10 8 5 2 
35 13 9 11 23 9 8 21 20 21 22 18 18 
7 4 9 7 7 4 3 3 3 2 1 2 3 
79 69 73 65 58 70 84 62 41 44 20 59 33 
45 106 75 62 38 71 71 71 31 38 57 31 18 
43 40 24 34 27 35 17 15 21 31 20 34 38 
5 6 9 11 17 8 6 13 8 11 13 17 13 
24 27 29 53 25 46 41 32 31 29 29 32 33 
70 68 57 55 33 37 39 47 51 29 28 30 29 
39 18 32 26 49 38 24 33 19 52 19 59 24 
28 37 32 24 20 23 13 6 8 7 9 10 15 
81 42 35 30 34 30 16 8 43 26 45 52 44 
46 25 34 48 52 41 46 34 47 46 31 40 10 
37 42 34 54 34 50 28 25 5 22 22 11 13 
33 31 9 9 40 20 27 24 27 27 17 18 21 
75 77 75 66 70 70 79 68 70 99 93 85 44 
46 65 69 77 51 17 61 41 63 70 70 49 39 
87 32 63 26 24 27 22 24 18 13 17 21 25 
33 26 22 27 11 23 25 22 8 25 25 24 14 
96 91 82 53 57 40 31 47 38 31 33 37 41 
38 22 26 51 57 24 25 36 40 56 131 122 129 
13 4 19 30 19 21 13 9 14 10 9 8 5 
79 96 97 89 87 75 101 55 96 29 73 55 117 
26 36 27 25 18 19 19 10 2 9 13 15 21 
33 44 11 7 4 5 7 2 8 7 2 8 14 
29 33 24 29 31 20 22 5 4 5 5 7 15 
11 6 2 59 49 28 36 2 13 25 20 5 22 
58 42 49 23 34 42 58 60 53 59 58 64 76 
54 45 35 64 74 72 65 56 41 25 12 9 16 
