21 43 39 35 33 38 43 47 27 39 35 46 53 
19 30 16 12 5 3 6 15 18 13 4 24 33 
66 74 59 38 33 84 48 55 50 51 60 51 78 
40 64 68 54 80 74 69 53 48 37 45 71 59 
44 66 57 57 44 43 41 62 60 56 68 50 55 
52 66 37 67 74 96 69 60 59 38 25 38 31 
25 24 1 23 21 19 31 5 15 12 6 7 13 
66 69 80 80 56 19 21 52 27 49 35 12 18 
39 41 54 56 50 32 40 38 62 49 47 46 44 
39 34 48 52 63 55 42 60 58 66 64 71 62 
86 76 76 69 56 56 64 41 38 51 62 32 40 
78 64 80 35 78 63 60 21 23 16 14 30 41 
65 59 56 40 55 53 52 64 40 25 44 51 59 
55 67 77 81 50 35 45 62 46 32 13 19 24 
35 45 60 45 48 50 35 42 38 38 45 50 42 
61 36 60 83 87 59 42 26 63 31 30 36 67 
54 52 50 56 43 68 47 81 10 20 30 16 36 
76 65 33 46 22 18 4 37 40 32 19 22 6 
45 72 70 38 60 65 51 59 65 43 56 36 42 
19 27 43 44 31 40 35 15 24 24 24 17 31 
35 41 50 54 19 41 32 30 27 19 24 24 42 
62 56 43 43 10 18 12 22 27 24 10 4 3 
76 80 70 65 69 73 37 5 22 23 21 17 48 
17 6 19 3 9 8 13 4 3 10 13 37 26 
36 37 13 23 20 11 9 13 11 5 10 7 7 
50 49 57 30 44 37 52 51 25 53 50 37 11 
100 56 88 90 84 76 98 100 72 25 62 75 70 
31 37 4 7 7 8 13 11 12 12 9 13 12 
45 24 35 24 56 28 11 11 9 4 19 32 67 
34 42 25 50 52 58 62 44 45 41 28 47 58 
50 78 34 46 25 12 9 39 53 18 54 49 3 
36 52 46 64 49 68 60 57 20 17 11 10 41 
46 59 28 12 6 3 5 9 57 12 4 7 9 
44 55 76 65 84 73 71 54 37 52 44 55 64 
8 5 12 11 15 33 8 14 20 10 10 2 15 
22 23 21 24 31 20 22 20 13 15 8 17 20 
60 70 45 16 46 65 51 27 10 11 9 8 16 
55 73 72 68 76 88 76 81 90 68 88 78 93 
22 43 50 55 35 8 13 12 12 10 18 10 16 
12 3 23 3 48 32 31 43 34 7 48 27 45 
61 52 57 41 36 27 17 24 32 16 13 17 30 
64 41 41 25 25 21 32 25 22 21 16 16 31 
63 89 76 97 80 50 72 58 47 31 71 53 46 
45 36 57 58 27 12 36 17 29 47 27 22 30 
72 39 13 24 25 8 19 34 19 14 17 14 20 
56 76 50 44 40 29 21 23 43 10 26 17 26 
50 59 8 4 26 34 10 9 13 16 14 30 31 
54 46 26 38 42 56 66 82 89 67 59 80 61 
66 22 9 24 31 35 36 14 9 7 12 12 3 
33 23 22 19 27 10 18 16 13 6 4 9 25 
12 22 15 4 7 3 9 8 11 4 10 6 7 
44 29 48 30 6 54 5 41 24 56 37 38 34 
60 69 45 40 36 28 28 55 46 38 60 49 69 
37 33 39 45 49 42 59 34 40 38 18 21 54 
50 39 81 47 44 34 54 41 49 40 44 49 50 
45 47 46 65 61 39 31 44 20 36 38 28 13 
8 40 58 12 18 7 11 18 20 20 25 21 42 
23 8 44 29 52 12 15 30 32 7 19 12 14 
33 55 59 70 79 62 57 50 57 54 35 20 36 
65 46 45 67 98 76 69 62 62 69 72 71 59 
21 27 54 47 54 30 39 48 54 38 58 78 73 
16 25 29 16 11 15 8 16 14 15 14 16 15 
16 16 26 33 6 13 10 24 29 20 16 9 10 
73 28 53 14 63 28 44 41 50 23 31 36 49 
79 54 56 95 43 48 40 41 60 51 47 92 93 
73 37 53 48 59 57 36 21 38 28 15 15 18 
18 19 15 13 4 7 11 26 14 4 5 19 38 
80 81 91 68 87 67 70 45 49 42 52 63 63 
39 27 57 47 39 21 53 48 34 56 55 47 57 
49 24 33 18 8 17 20 18 20 22 26 33 36 
55 40 42 28 16 14 32 20 7 4 22 20 10 
52 74 85 63 67 48 75 66 46 12 9 24 2 
10 50 45 29 2 29 25 5 3 11 13 15 9 
72 56 76 67 52 36 38 34 46 26 31 30 39 
119 112 111 112 75 21 19 19 21 22 30 15 22 
42 39 46 66 38 48 42 34 16 3 11 11 12 
43 54 65 74 54 57 63 54 74 63 40 50 79 
84 48 77 103 71 4 28 66 45 38 51 59 11 
87 78 48 7 20 28 53 44 27 25 10 10 17 
43 34 39 17 16 4 6 5 4 3 4 9 4 
67 67 45 26 25 61 59 43 57 65 83 76 76 
60 42 51 37 47 32 49 31 47 12 16 9 15 
19 32 19 19 32 26 60 24 79 86 83 71 76 
29 14 13 4 20 6 10 10 7 11 9 8 10 
