47 57 64 73 52 43 38 36 42 35 28 24 50 
57 30 46 25 5 7 16 13 6 22 16 16 25 
62 84 47 57 71 34 41 38 52 65 14 93 94 
1 1 3 3 6 7 3 2 2 1 2 2 4 
45 30 32 29 29 39 50 73 47 35 35 34 44 
73 65 64 63 56 80 55 38 38 35 52 36 53 
48 70 59 41 36 40 36 38 41 43 73 70 74 
30 39 44 49 38 59 16 11 22 39 32 25 28 
12 14 4 9 6 17 17 11 10 7 9 5 2 
28 40 22 18 39 26 22 14 3 6 35 29 37 
57 26 47 38 24 57 38 43 33 27 15 27 57 
66 72 33 48 42 42 50 86 88 82 77 75 91 
78 68 77 64 87 85 28 49 62 94 66 88 87 
62 52 28 53 41 41 29 37 35 40 22 57 50 
89 102 104 101 95 95 81 67 59 59 31 23 64 
32 25 21 55 56 50 26 27 34 65 47 31 36 
23 20 17 24 7 5 20 11 12 14 7 12 13 
53 60 10 22 51 76 79 52 59 52 65 71 73 
48 44 42 35 28 37 41 46 41 56 57 52 75 
36 56 20 22 47 54 27 35 44 39 34 24 24 
44 46 36 32 36 30 32 43 29 66 71 66 50 
20 25 35 18 11 28 29 16 19 29 28 23 43 
35 66 25 51 32 34 35 38 41 22 55 56 55 
28 53 33 36 54 41 55 44 43 50 48 45 64 
52 74 70 53 32 78 58 35 38 31 41 41 54 
56 60 66 63 62 57 51 58 61 59 53 63 50 
61 70 52 47 23 31 21 18 25 26 30 36 43 
45 67 53 60 39 68 58 14 49 47 44 54 41 
81 85 38 37 32 55 35 39 39 40 31 55 64 
63 79 48 68 53 48 59 39 43 43 64 76 68 
65 50 36 76 73 45 33 40 38 31 9 27 14 
49 71 78 77 77 60 24 23 35 32 40 40 51 
54 39 11 24 43 31 28 38 25 39 14 19 30 
49 56 69 60 47 37 50 61 55 65 52 47 56 
58 49 80 64 50 33 62 38 48 46 55 27 51 
62 74 75 79 79 74 70 24 39 31 49 36 54 
18 34 31 20 23 21 2 16 11 13 15 15 27 
99 32 70 17 59 71 19 37 19 69 55 52 74 
44 45 40 42 39 41 42 46 42 56 55 54 59 
28 26 41 38 39 36 36 23 41 46 46 50 57 
74 39 46 77 34 56 43 48 52 45 59 55 71 
40 27 50 33 22 54 53 53 32 10 8 28 44 
53 52 44 51 62 59 48 49 35 31 33 30 48 
83 72 33 76 66 14 19 55 41 11 11 18 70 
65 49 84 78 23 22 66 32 66 30 48 71 107 
19 24 31 30 15 18 14 28 16 12 19 23 24 
65 59 56 53 56 60 59 25 36 39 43 19 61 
90 98 64 64 16 54 74 53 22 66 34 66 80 
20 24 23 22 36 32 29 41 28 20 27 26 33 
20 16 7 31 39 12 11 18 14 40 41 29 15 
53 19 10 23 8 22 22 25 25 29 28 17 23 
21 15 29 27 10 15 34 20 41 33 36 38 24 
25 16 49 30 32 22 17 18 31 33 34 21 40 
55 43 49 21 30 47 52 49 34 10 7 7 13 
16 5 14 17 8 3 9 3 9 4 3 4 5 
28 8 3 10 20 11 33 25 38 36 27 38 47 
18 13 22 18 18 5 10 9 2 2 17 29 12 
43 56 38 43 56 43 54 48 52 52 32 29 42 
58 67 79 62 62 80 79 77 109 71 92 103 84 
29 3 7 28 16 9 4 4 7 16 16 21 17 
49 66 50 49 50 97 69 45 50 52 44 34 36 
74 52 77 76 10 67 62 58 71 73 72 69 70 
72 65 66 80 61 80 92 45 31 50 65 47 72 
63 18 43 13 45 23 32 23 29 34 21 40 48 
41 47 33 50 22 64 41 36 26 42 30 18 38 
46 24 48 54 39 19 50 58 34 42 44 56 65 
67 42 86 52 77 82 81 79 25 73 42 71 54 
13 13 9 9 13 7 7 11 10 7 10 7 8 
18 18 27 28 33 20 17 8 13 13 18 27 41 
3 7 8 6 2 9 4 6 9 7 11 7 11 
44 36 24 24 11 23 22 32 27 24 19 27 56 
35 22 39 48 58 46 37 49 52 38 41 74 73 
47 58 64 52 42 34 35 33 34 28 23 19 16 
20 24 33 27 3 5 7 8 8 8 5 5 10 
71 82 83 103 70 74 71 15 42 34 52 32 25 
28 14 15 26 9 4 19 27 22 24 31 21 29 
48 28 40 33 40 22 25 19 15 14 6 30 37 
81 56 79 49 41 59 35 27 48 18 16 13 38 
39 80 92 29 44 44 81 56 50 62 42 42 43 
63 26 68 59 49 31 31 43 43 41 25 41 38 
37 40 45 30 35 34 26 32 19 18 13 13 16 
