25 17 20 41 51 7 2 4 3 7 5 8 8 
13 4 13 14 8 10 6 5 7 8 7 7 5 
37 45 28 28 29 30 11 9 5 6 6 5 6 
6 9 14 11 12 8 15 1 2 2 3 5 11 
19 37 7 8 3 5 5 1 15 6 4 3 14 
16 23 14 24 30 20 22 5 4 5 5 7 15 
7 2 2 3 14 4 3 1 4 10 7 5 16 
60 42 48 16 27 35 48 45 29 18 17 14 21 
27 14 8 11 26 16 15 16 11 11 10 9 14 
29 25 26 24 7 42 12 5 15 40 14 25 18 
19 19 18 24 25 6 15 12 20 24 18 19 25 
20 27 19 10 6 13 12 16 28 25 10 4 5 
11 10 5 3 7 6 6 7 17 12 9 9 24 
23 3 13 24 14 21 4 3 4 3 5 5 9 
40 37 34 21 27 21 18 17 25 18 22 25 40 
34 8 18 23 27 15 23 13 13 9 16 12 23 
52 28 22 30 29 15 18 19 15 7 5 10 13 
27 20 17 2 19 21 57 15 8 10 17 9 18 
45 55 36 9 19 12 5 11 12 15 15 10 17 
54 14 22 21 14 7 7 14 29 26 4 6 4 
44 23 19 49 26 33 7 2 4 7 17 14 12 
14 10 4 5 8 11 14 16 17 12 15 16 28 
38 32 27 13 20 21 25 21 16 30 38 17 18 
29 30 37 35 37 39 17 5 14 16 13 16 17 
22 11 6 5 8 16 6 6 5 4 5 9 15 
16 16 8 14 8 7 5 12 15 14 21 23 36 
30 45 41 24 45 34 18 16 22 20 19 24 36 
16 12 15 14 24 11 8 1 4 5 5 6 8 
20 15 26 30 30 22 9 3 4 6 7 7 5 
41 34 21 28 30 28 14 7 10 8 10 14 22 
38 17 41 8 21 34 26 13 9 10 10 9 9 
21 21 40 37 33 10 9 1 10 11 16 23 24 
14 28 26 2 3 12 6 11 13 8 11 12 12 
28 12 14 15 5 12 8 8 12 6 9 8 4 
11 14 8 5 9 9 5 5 5 1 4 6 9 
28 7 12 22 11 14 8 9 9 9 15 20 13 
48 25 47 49 38 20 21 19 24 22 24 22 22 
34 12 6 19 14 9 15 13 8 6 6 20 32 
10 10 6 11 10 6 12 9 5 11 4 4 19 
5 26 29 6 15 12 12 7 6 22 23 14 31 
24 25 29 11 8 15 9 7 10 25 18 20 12 
11 7 11 24 20 12 16 8 13 15 9 5 9 
16 33 34 45 21 29 16 9 3 2 3 6 15 
30 36 14 23 19 11 7 6 6 5 4 4 14 
32 7 9 12 16 9 7 2 7 7 8 8 6 
29 34 33 31 17 54 29 19 17 14 18 26 32 
27 8 16 31 43 37 24 3 5 6 4 9 7 
27 16 15 30 11 12 15 28 25 19 21 24 30 
40 24 24 16 9 27 24 26 22 34 42 48 39 
54 55 16 21 19 30 18 40 33 22 16 11 11 
32 32 17 47 23 35 34 10 3 2 2 3 2 
53 27 23 18 20 26 14 19 24 15 15 13 18 
28 17 34 17 55 36 18 18 10 5 5 19 32 
19 17 7 19 15 10 15 13 9 17 20 5 6 
16 10 16 12 3 2 3 4 6 6 10 11 16 
31 14 44 22 13 6 5 6 16 14 8 13 8 
21 20 36 7 7 6 11 13 8 5 10 12 13 
34 27 45 21 5 24 16 7 17 20 28 19 10 
22 13 33 27 23 7 6 14 19 16 10 10 9 
20 18 17 4 4 10 11 21 19 15 16 16 23 
34 44 21 42 50 7 11 24 44 56 31 19 37 
54 38 63 25 27 15 21 30 32 31 13 19 27 
54 25 54 46 32 15 8 1 17 19 20 33 24 
15 8 10 6 5 7 3 1 3 6 8 5 12 
37 19 27 71 43 37 32 34 11 8 8 14 19 
38 20 25 40 12 22 21 22 14 12 5 27 27 
43 20 11 16 20 22 8 4 2 2 4 9 8 
38 33 6 13 17 12 11 10 11 8 9 11 31 
23 30 26 13 5 4 4 8 8 7 6 6 7 
34 10 4 5 13 3 5 2 2 5 4 1 1 
54 28 17 39 18 3 11 10 9 6 4 5 30 
53 24 10 52 45 49 25 19 6 10 10 11 12 
20 12 14 20 24 13 3 5 4 4 6 4 9 
19 16 21 27 11 21 3 14 7 10 8 5 2 
29 19 42 16 19 4 7 34 15 11 4 6 11 
1 2 3 2 1 3 2 2 1 4 4 6 1 
61 48 53 30 11 20 23 31 21 21 6 28 27 
30 35 39 21 22 8 21 35 13 32 33 24 25 
3 3 2 1 3 4 6 10 3 5 6 10 8 
3 3 6 4 3 2 2 1 1 3 3 2 1 
28 22 28 22 11 23 27 17 22 12 8 8 8 
50 25 37 39 28 25 7 3 3 17 20 18 12 
28 33 32 23 20 21 13 6 8 7 9 10 15 
49 32 23 20 18 15 6 8 11 12 10 17 19 
14 4 16 17 25 9 19 8 7 4 3 4 5 
41 19 25 26 21 34 14 2 3 5 7 6 8 
19 21 8 16 19 11 18 15 15 16 15 18 19 
28 16 15 12 7 22 14 3 4 5 3 7 8 
5 19 23 12 13 4 12 12 20 20 12 8 14 
14 4 11 5 6 10 9 7 5 5 5 4 11 
