22 19 19 32 31 13 10 8 11 11 10 10 20 
35 9 12 29 37 32 11 11 15 3 7 5 8 
18 25 41 28 25 12 10 13 12 15 10 9 22 
14 26 32 3 5 6 7 13 7 9 12 14 32 
16 21 17 12 5 3 6 15 18 13 4 24 33 
45 50 28 18 13 9 11 17 15 18 31 30 50 
2 14 9 12 9 7 18 7 8 11 13 12 7 
30 21 25 23 8 6 7 12 7 5 10 10 13 
25 10 13 8 11 32 12 9 8 13 17 24 19 
24 22 1 23 21 18 30 5 14 11 6 7 10 
59 65 80 80 55 6 11 24 17 24 20 10 15 
28 31 34 32 25 32 13 25 13 8 16 11 14 
22 10 12 21 14 5 7 8 3 7 16 11 5 
58 52 36 18 6 7 3 5 5 4 5 8 4 
35 34 63 26 60 23 20 20 13 12 11 20 19 
51 30 47 13 32 23 13 16 9 4 9 15 23 
20 5 14 16 15 17 19 16 25 24 13 18 23 
4 10 27 8 23 21 19 20 14 17 22 36 22 
28 22 47 41 39 49 23 12 13 9 10 14 33 
28 29 38 38 25 16 20 20 7 12 14 11 13 
23 20 2 4 12 7 2 6 9 10 8 10 6 
25 26 16 17 16 14 4 9 11 4 9 8 11 
8 10 17 21 14 4 3 4 11 7 7 4 9 
35 31 33 38 15 21 13 19 21 18 23 24 35 
28 19 18 22 9 12 11 14 15 5 14 26 2 
39 35 9 8 23 18 3 2 14 18 17 16 25 
11 3 16 1 5 2 9 2 2 4 3 4 4 
18 9 12 10 7 10 5 12 8 4 7 6 7 
26 10 24 3 13 12 15 9 7 10 9 8 11 
59 21 31 28 14 9 32 38 33 28 24 19 8 
22 30 4 7 7 8 13 11 12 12 9 13 15 
34 18 35 22 47 28 11 10 9 4 14 14 28 
18 23 11 33 21 27 33 13 10 3 8 15 30 
11 9 8 11 8 7 4 11 7 6 21 25 3 
17 23 22 30 23 27 17 10 5 8 10 9 28 
17 4 7 5 4 2 5 5 7 5 4 7 8 
26 14 23 38 43 37 35 5 8 8 16 36 60 
5 5 12 10 14 30 8 14 20 10 10 2 14 
11 9 14 10 15 13 17 13 11 10 8 12 13 
22 11 18 4 11 19 6 8 6 9 9 8 11 
19 33 28 38 48 40 5 5 3 4 2 2 12 
11 23 24 25 11 3 7 10 12 10 18 10 16 
12 3 14 3 27 12 14 14 10 4 16 13 18 
56 52 56 39 35 24 16 23 31 24 12 16 29 
28 9 9 18 22 19 26 23 19 21 15 14 26 
28 32 19 11 13 7 12 18 7 12 23 25 32 
20 13 30 29 7 4 9 4 20 20 14 8 6 
18 22 6 17 10 3 16 27 13 7 10 9 15 
5 9 8 15 18 12 7 2 4 3 3 2 13 
17 26 2 5 7 13 6 4 11 10 8 18 25 
4 1 1 1 1 3 6 4 3 3 3 1 1 
15 5 4 11 8 24 12 5 8 5 5 7 3 
22 11 6 9 3 4 4 3 3 3 3 2 18 
12 20 14 4 7 2 6 8 11 4 10 6 7 
39 23 22 11 3 20 9 10 12 10 10 14 15 
45 52 29 21 25 19 13 31 35 34 43 36 45 
17 29 28 14 4 22 17 13 7 8 6 6 13 
30 39 35 23 25 13 18 5 9 12 15 20 19 
19 22 13 9 12 15 11 11 18 13 21 17 12 
6 24 43 11 15 6 10 14 17 15 19 14 35 
18 5 21 18 44 8 12 18 21 7 15 12 14 
15 23 28 16 11 15 8 16 14 15 14 16 14 
11 14 17 33 6 12 8 24 24 19 14 9 10 
35 22 39 10 51 25 25 19 32 16 19 23 40 
46 43 20 47 24 14 20 12 3 3 3 6 6 
46 9 20 20 15 6 4 3 9 9 10 9 15 
16 16 13 9 3 5 8 12 4 4 5 15 25 
20 12 27 33 36 31 19 21 14 17 17 18 10 
34 18 30 25 24 13 20 18 20 32 28 31 38 
39 7 16 14 7 17 18 17 19 21 26 33 32 
28 12 8 6 4 6 12 13 2 4 7 12 9 
39 31 55 44 28 6 28 30 30 7 6 7 2 
7 13 9 9 2 9 10 5 3 7 12 12 8 
39 36 53 39 40 13 10 13 16 12 14 16 14 
12 10 15 11 14 11 13 11 12 13 20 13 15 
19 20 28 49 28 45 39 27 12 2 10 10 9 
14 10 14 29 19 19 16 25 33 28 17 20 25 
56 22 42 42 54 4 2 5 8 6 8 9 8 
13 17 6 7 7 6 18 23 12 19 9 10 9 
32 32 41 15 15 4 5 5 4 3 4 8 4 
21 19 15 10 13 8 11 12 13 17 16 15 9 
17 21 12 5 6 11 6 6 6 4 8 9 4 
41 32 59 68 36 58 40 23 15 33 6 5 20 
28 14 13 4 20 6 10 10 7 11 9 8 10 
24 12 20 14 25 24 11 6 11 28 28 14 11 
36 28 41 34 50 40 5 7 8 12 15 1 29 
23 17 24 23 21 6 7 5 5 12 16 11 15 
6 14 15 5 8 10 7 2 5 3 13 25 12 
23 20 24 16 11 16 16 16 15 19 20 22 18 
55 17 41 13 26 20 12 9 25 15 10 5 6 
