38 44 50 43 30 9 11 14 13 10 10 22 18 
41 20 43 19 4 4 11 9 5 11 10 12 15 
60 79 44 52 64 32 36 29 29 33 4 11 13 
1 1 3 3 4 5 3 2 2 1 2 2 4 
35 10 6 4 5 18 42 49 24 11 15 17 27 
44 12 17 39 22 20 24 20 22 24 31 26 38 
47 46 61 52 20 20 22 24 26 33 34 33 50 
18 27 21 24 20 19 11 8 14 30 25 21 26 
11 15 3 7 6 17 17 14 9 7 9 5 2 
10 22 25 9 27 19 24 11 3 5 27 24 33 
42 21 32 16 27 23 6 19 12 10 15 11 56 
54 69 43 45 44 30 23 37 34 29 36 19 38 
38 39 66 21 30 28 10 14 13 24 16 10 26 
43 30 10 37 17 22 14 21 22 34 21 47 44 
33 25 22 13 24 31 11 14 13 18 19 16 24 
25 20 16 17 21 16 6 11 17 10 12 12 19 
7 14 20 24 7 7 17 9 15 11 10 14 13 
25 39 34 12 32 28 23 21 36 27 39 37 44 
37 44 24 21 17 24 27 32 30 49 46 43 51 
39 22 12 10 20 19 13 17 19 17 22 19 14 
32 39 16 25 17 4 24 8 10 8 19 12 35 
28 25 25 9 9 15 19 16 19 29 28 23 40 
33 35 7 22 6 12 10 10 8 6 8 15 17 
26 31 9 14 21 17 24 31 25 27 29 34 47 
45 70 65 50 27 30 26 26 25 25 36 38 48 
46 44 45 34 41 4 9 5 4 8 8 10 32 
30 45 29 29 16 19 13 9 14 16 32 31 37 
4 2 1 4 4 7 1 3 6 3 1 2 1 
41 37 41 45 17 9 12 14 17 24 16 17 34 
44 56 35 42 32 27 26 19 17 23 32 39 26 
19 15 7 8 18 3 6 7 11 13 7 16 11 
23 22 50 38 44 25 19 21 30 31 34 36 49 
34 22 12 8 16 10 9 15 10 19 13 19 30 
35 17 25 5 18 18 33 37 35 30 27 26 34 
40 15 47 6 13 15 18 7 24 32 41 24 37 
38 23 18 29 21 8 8 11 14 14 20 19 17 
18 33 29 17 8 14 2 15 10 11 15 13 28 
42 10 25 11 15 18 12 16 10 19 18 19 20 
8 8 6 10 9 16 15 10 24 34 12 21 36 
25 12 33 3 9 16 8 8 28 11 18 14 16 
29 11 23 22 13 23 12 11 8 9 8 11 28 
30 16 29 12 7 29 23 34 21 8 6 9 22 
24 14 25 28 30 24 17 26 29 30 31 30 29 
49 39 25 47 43 11 11 10 10 10 10 14 29 
42 25 35 31 9 12 13 14 16 9 16 18 27 
18 22 29 29 14 18 14 28 16 12 19 23 25 
19 20 13 14 13 16 12 4 12 23 25 14 29 
25 23 10 23 8 20 14 9 7 9 4 14 22 
16 16 13 9 26 20 19 32 23 15 20 19 29 
15 12 3 27 36 10 10 14 10 38 30 24 14 
24 10 7 8 7 18 19 22 25 29 24 17 24 
18 13 25 20 8 12 14 18 16 5 21 17 20 
18 11 26 19 21 2 10 22 23 24 25 22 28 
13 17 20 8 27 20 9 8 7 4 5 5 11 
1 2 1 2 1 1 5 3 4 3 4 4 2 
15 5 3 7 11 11 17 13 25 27 27 32 37 
14 11 19 14 10 5 10 8 2 2 7 15 9 
17 7 17 15 24 19 19 16 20 13 12 13 15 
20 15 11 17 21 23 29 17 9 12 8 19 20 
22 2 7 25 15 9 4 4 7 16 16 21 17 
42 39 42 45 28 5 6 12 10 11 13 12 17 
24 11 21 9 5 23 15 8 16 30 32 20 26 
45 37 28 20 24 31 17 4 15 20 21 16 20 
28 8 17 7 25 16 20 18 20 14 22 20 38 
17 15 8 26 3 14 3 2 4 5 8 6 7 
19 4 23 15 11 15 21 24 20 25 33 36 51 
31 23 24 20 18 14 12 18 20 27 25 27 30 
13 13 9 9 13 7 7 11 10 7 10 7 8 
18 16 25 13 29 18 12 6 11 11 15 23 27 
3 4 7 6 2 9 4 6 9 7 11 7 11 
39 33 24 24 11 23 22 32 26 24 19 27 54 
26 2 9 12 31 19 11 12 14 7 23 54 54 
24 17 33 31 22 22 21 26 18 17 18 17 16 
17 22 32 27 3 5 7 8 8 8 5 5 10 
23 19 9 8 8 5 5 6 18 16 18 12 15 
25 10 15 23 4 12 17 20 16 18 22 17 28 
27 17 23 12 17 11 14 11 9 10 6 27 26 
32 18 41 31 29 28 17 13 9 8 12 13 15 
32 40 45 11 35 13 16 16 21 27 28 25 33 
35 24 14 33 40 23 20 11 14 17 13 16 21 
20 13 19 14 20 18 13 16 13 15 13 12 17 
24 10 6 18 10 13 5 6 4 3 7 2 9 
20 16 18 6 24 14 17 17 17 19 19 18 16 
4 5 3 2 4 6 4 2 6 7 10 5 15 
11 8 7 13 6 2 4 5 5 7 9 7 7 
17 21 6 10 18 20 11 10 13 8 5 10 12 
28 19 9 12 10 20 15 17 25 19 12 24 29 
9 8 4 10 3 6 4 3 6 6 5 6 8 
4 3 3 2 2 1 2 1 1 1 1 2 1 
11 17 6 13 16 10 8 9 5 5 5 7 10 
