0.054288723 0.72539026
0.092751436 0.98549855
0.070782125 0.48513213
0.19832896 1.7705773
0.045394856 0.6066553
0.1057475 1.1319891
0.09122211 1.1375023
0.08941328 0.9548209
0.13428415 1.1350108
0.035014268 0.364342
0.13878347 0.9484466
0.05574778 0.67918414
0.112927906 1.0420078
0.14603354 1.0546287
0.14542149 1.3262826
0.095515825 0.8361767
0.04465123 0.48116893
0.040608272 0.6102603
0.12678641 1.1155399
0.09435956 0.973457
0.13451111 1.5227904
0.017374434 0.18994911
0.08006343 0.7527766
0.068149105 0.5466297
0.22566514 1.9090326
0.07476757 1.284539
0.030461302 0.3989111
0.1837642 1.4541361
0.14596987 1.2488962
0.038676854 0.44443566
0.14380823 1.2600232
0.1487133 1.606733
0.18727124 1.7461648
0.16845623 1.1923026
0.101727836 1.1119666
0.025604669 1.3093374
0.06874748 1.0832995
0.10179729 0.91575015
0.1697889 1.0999125
0.17433736 1.2876935
0.055371396 0.45848107
0.119432494 1.4434098
0.1156709 0.87929857
0.113536395 1.0026546
0.06261521 0.6936845
0.12795316 1.081016
0.14493783 1.4454912
0.19113949 1.7458371
0.08534579 1.0271354
0.132575 0.9563594
0.09333148 0.83937967
0.11438667 1.2698967
0.12647519 1.3373423
0.082008384 1.0965791
0.10094795 0.87027967
0.18018031 1.5238242
0.11855784 0.8753492
0.10140806 0.8990858
0.14017573 1.1414708
0.052320145 0.4143575
0.018982898 0.18030083
0.15108663 1.396229
0.09708759 0.9621939
0.121618316 0.9612009
0.12167373 1.1391053
0.027312286 0.34731382
0.10580468 1.030274
0.1759908 1.6292908
0.11869381 0.8878374
0.12676333 1.1442814
0.14954798 1.614352
0.17018893 1.2908167
0.14970401 1.4398183
0.09570619 0.9379223
0.18418393 1.2669159
0.047832612 0.3877702
0.08111533 0.7644619
0.07763332 0.944349
0.14750874 1.2373472
0.12733412 1.1704967
0.06848234 0.5689448
0.08931621 0.9380903
0.15539086 1.3809376
0.11715544 1.1064975
0.03229106 0.38272986
0.025204754 0.24819216
0.15501167 1.2483221
0.09396252 0.7769413
0.08562068 0.9298085
0.13583691 1.2989187
0.09841895 1.0494426
0.0446408 0.4842925
0.18592079 1.3530937
0.15231505 1.1792892
0.25187266 1.950727
0.03338363 0.3150909
0.0906313 0.62326586
0.08441298 0.8427083
