2268.6486740209416 1226.687195752321
2855.5241170398685 1060.0452485463015
1613.9430551671337 988.8198410871726
2358.131715512287 1336.7083359513776
1037.2038794923544 639.5635390588112
2532.894270398535 928.3054457715078
2232.4672031648142 1032.0204639970525
893.1653861028997 885.3912508521629
2676.968364470005 1544.2092691047735
1464.2721973843954 635.8366820474874
1840.7010134217999 1180.3576023666292
1868.0182381940285 704.4588469195298
2560.45081479657 1318.309867358813
1527.6650804893088 1075.429599297066
2570.7220147509715 1319.8368165685486
1175.3139182713667 635.0164248396574
2673.206042011108 1062.343806657825
1595.319299560745 1381.418931549442
2372.1292932909546 899.1015342504867
1879.8330324439896 1057.2975053571438
1894.867255291372 1328.1567756316056
2017.9424518395401 849.7932334457282
1376.2947622361448 1059.54370415636
1442.1034586853768 918.1191675156081
2015.8707347560419 1313.5621206394446
2296.1451661868427 1364.465997957669
2075.789230143638 990.8602009830682
2446.877229743333 1036.9632782468175
2809.7561852172025 1458.1941240809685
1733.2432911323663 1146.404894030514
2115.7341404013005 1180.297396364824
2369.7273474817102 956.0619457252351
1691.308434072211 991.8018345185852
2969.9615774298904 1629.7935750673348
1821.539308789307 1029.2674878466769
565.243927274559 377.6063955376019
1236.736726943084 503.2643602112911
2207.1555726490164 815.910509798397
1844.826737345238 1324.3643179990415
2418.4781175793655 987.5566221743898
1710.4185490292537 950.3040852764344
2824.639475254763 926.801560939337
2057.563594366805 1191.441642142584
1683.786568283707 821.4748023738886
2201.1688965578483 1324.3412148835523
1632.2214481118206 1122.4330544960499
1781.9562157031005 1039.6073219117932
1546.1834045065998 1081.1900966903547
1859.7852456771743 965.5339361963948
1712.0244709232604 1041.5723925318885
2393.498712583573 1119.3861643571124
2059.042231277351 1305.295891016341
2379.183878982758 886.0187986773739
2320.5000917031216 900.1417557561286
2544.7102743346227 1102.6079122024862
1650.983112090058 1030.3989328207208
2317.511397994927 1446.9748154038066
1974.851074076646 1103.498319806494
1678.316998283917 888.5700377895716
2055.104988393177 1491.6945202501695
1885.3439462537422 894.7288264378908
2406.8280157763597 903.8135721695274
3606.0545965854576 1948.6559451586593
2176.6892344224784 1136.656671859448
1921.6020642052679 1241.80898333534
1471.077751598799 573.6186651342522
1640.974602722202 945.7470613158962
2319.5220341226777 1282.0269305135334
2483.1694153131816 915.8744041317822
2777.2755885737515 1147.9442095543934
2555.0390256208248 1155.5530819703363
1357.613786724314 1195.0794150152176
1417.988678874931 1138.0313377495067
1824.8290564193512 1332.8382092894662
1530.2812169337221 1265.2844916558681
2149.7213382246905 930.0941038182317
1639.6743844531977 1240.6033133111935
2807.221359344955 1247.1487531224093
2588.6809044173574 1286.2284607939362
2392.1980761557943 1313.3592380708
2421.1600261294416 1068.7137774288403
2310.909966334667 884.1494694694926
2178.9974079366407 1445.2700860713778
2605.4363764581335 1195.6727607852997
1544.4629968255877 505.12360264359904
2499.6490688412596 746.4068569274023
2069.2537268109036 1164.3573561571413
2017.6162804550704 865.0786844039378
2428.201758195862 1316.561379879665
1802.0146624375961 1229.149389651495
2526.868329205844 827.6331004362593
2206.144326234898 1092.7679074151865
1906.3373592331968 1114.141995077831
1451.0887423479292 940.2686793320579
2197.4200276765882 1024.4705597512202
2777.5206962321586 890.0328706126196
2403.6946976449785 951.8714170890361
1289.4285160468005 911.120664109079
