-25.483547 121.44729
-27.46817 128.70992
-28.52802 138.29538
-23.332428 115.81227
-31.967955 154.59601
-26.177902 125.36964
-27.846333 124.96865
-26.719341 136.69629
-23.70116 121.387924
-31.29098 142.1303
-27.141253 130.77322
-29.953636 145.50453
-26.954817 126.32723
-26.668346 135.05798
-26.686832 122.66533
-26.816502 130.72556
-29.149519 142.01021
-34.430607 154.53105
-25.041159 120.09002
-26.6323 133.57437
-26.727179 127.42087
-33.926384 160.43713
-27.791664 139.69066
-35.143993 146.8491
-24.832037 116.700775
-27.818968 133.7606
-31.3076 150.048
-23.502977 117.96965
-27.730618 122.5609
-32.860973 150.85574
-24.066256 123.50584
-26.860395 123.76576
-27.571533 122.93419
-26.860645 127.77591
-26.601494 129.96608
-28.725557 136.54483
-27.30769 131.38014
-27.620558 129.27664
-28.085312 124.01292
-25.422153 115.497086
-34.724174 142.55821
-25.265326 115.11174
-27.7267 129.79575
-25.0161 124.174095
-27.181545 132.71684
-27.35242 135.0261
-25.04276 124.74495
-24.650913 121.11041
-24.436815 125.120834
-27.85279 130.53146
-24.5943 130.03078
-25.527193 124.347275
-24.59444 121.81995
-25.974117 129.39877
-25.255852 125.88489
-24.828598 125.023445
-28.735283 134.90349
-25.77726 131.56723
-26.085228 124.17928
-31.829277 151.41037
-34.65322 161.4146
-24.83235 125.65832
-26.919147 133.88263
-27.08873 127.06251
-28.124573 129.20712
-37.711113 158.0354
-31.458977 129.23582
-24.130064 117.38623
-25.117464 116.47124
-25.751486 118.81936
-24.370567 119.14423
-25.493004 126.5134
-22.456429 129.62161
-27.882265 132.41187
-28.877005 128.15399
-30.106821 140.58154
-28.249022 131.98299
-27.515295 134.99332
-25.664728 123.97324
-24.695845 125.819016
-29.321634 144.11378
-24.939314 127.488045
-27.87258 127.81149
-27.126772 125.447205
-30.33659 144.6789
-30.364662 143.62502
-26.772165 127.324814
-26.430365 126.26699
-26.589462 129.39555
-24.973862 126.91705
-26.955507 124.340935
-29.218924 135.58089
-25.660347 119.16414
-27.565004 127.71518
-24.846529 122.90152
-33.152637 151.47096
-27.512936 125.18099
-28.621185 139.62453
