2279.2986500864436 1874.7987404787414
2736.830973941205 1665.6393611858118
2555.0709634824816 1964.788475958141
2761.54526486515 2079.3765324281735
1321.5252355855537 1071.5696866487335
2771.477510197351 1852.2182199846777
2286.453991634027 1859.667058251183
1651.1604370040166 1677.0628440490314
3359.9489449239195 1726.9846218534294
1887.1938817461717 1224.2061904979648
2309.5122557729283 2018.4985641875637
1905.8357466216712 1274.3597140367463
2470.3440948805974 1813.0152228542524
1839.0688358692632 1651.51922235315
2694.949978331857 1925.0817785368524
1882.4151991153742 1223.8742899789058
2681.295981935292 1830.2371630515877
1510.86200206873 1474.6630067548551
2914.570424065716 1783.4223768384697
2099.1487575011015 1637.2608828116315
2101.7403075371476 1899.7998288508327
2361.292326879464 1824.4728066831149
2163.1604162104886 1928.6206534151258
1981.4392569686624 1511.0102307194097
2444.3761354229678 1779.369161313907
2733.82289842456 1799.6939958219484
2368.081940199468 1861.196999738718
2797.8895539588198 1840.5949282058873
2769.819265122108 1901.2516378662085
2178.3124628861674 1807.8438119205953
2391.95957403562 1721.145017884264
2102.7091743890264 1354.5009268894853
2631.226132061249 2430.3518307789764
3580.3077646734696 2363.4727339901756
2339.8306917750933 1715.590272149575
1126.5224899208602 1694.6260571410755
1564.8853665315537 805.2724690967187
2693.1464649744507 1481.7960869706762
2621.9333600866967 1869.4366885540103
2783.484746192952 1466.3466191291827
2122.071621806368 1540.0897576161888
2619.8851681091905 1673.2591686866945
2670.328016198035 1818.6632446368162
2305.558382307539 1659.0125441488526
2572.2612297237133 2040.945311465359
2023.0620625254585 1553.3927619124415
2417.0910810871164 1699.069154903849
2119.792051178298 1680.1050881913645
2387.7135336560946 1771.5564450976592
2471.576017700666 1619.895339001577
2811.822001920638 1871.4729796016188
2408.126196586851 1773.5346695901358
2867.5509959853703 1567.3967868201867
2413.6890282444665 1636.5534007498586
2873.302276227913 1879.5271583244585
2234.862772434482 1735.957009540256
2979.0405329869027 2313.6167204503754
2382.341745248871 1593.993317857662
2431.1724459357233 1585.222512388141
2401.031675004936 1889.1057309765572
2552.61827350433 1783.0331211995672
2229.6050308457297 1412.448785240732
2818.3629670989067 1780.783129006411
2594.2768719263786 1859.921924884892
2027.7368926830848 1608.0238897795855
1509.944102935588 1012.6713146695042
2352.1464352498783 1351.9382418835658
2518.8113944296133 1785.2006704250525
2768.214699919966 1492.10705892636
2632.777004895446 1746.499461808522
2458.641398852974 1602.1814472963927
2045.7680060028374 1888.9587916234245
1692.2882323049043 1610.305438743714
2577.678780306045 2034.670396731778
2324.2911690370584 1558.8317505966056
2510.1039557753083 1847.4027530406947
2425.218138353242 2070.214429605745
2596.851131308866 1690.9463791921085
2577.074661254898 1636.4603114763786
2421.180375768143 1746.570963023655
2780.1218608630893 1727.902100274605
2460.1294577468525 1615.9203681745075
2292.8943655129656 1578.7006640556638
2601.9624761434397 1633.2807694370292
2284.041151580466 1239.1855760687472
2971.808323609567 1517.1501452042933
2965.7559113607003 2197.255793371293
2420.500174544551 1411.1717937129872
2436.328768424483 1844.6278642554057
2168.6398637584725 1860.828230118086
2666.555645643148 1391.1549949584305
2106.1881888933212 1477.989267101935
2732.1022852584665 1839.3971920238496
2287.4531598145086 1777.3202620855566
2867.068445708701 1446.5620572566174
3031.2295067627156 1784.946171243121
2984.9272672423203 1661.6014870576034
2244.6393916306556 1873.9892396017474
