-29.49789 133.98975
-32.697624 156.68349
-32.606583 152.88072
-29.879314 139.36473
-28.860323 139.60011
-35.529076 165.3623
-26.194654 128.9263
-30.0905 141.51273
-25.963268 129.89426
-27.079739 126.37442
-24.793028 121.97789
-28.81364 140.98776
-29.055893 134.9181
-29.431627 138.06511
-26.47675 132.87498
-32.040115 145.1976
-32.99196 157.77953
-29.779753 148.45598
-28.540724 131.26083
-28.709044 122.85488
-23.200552 119.25523
-27.300411 139.91048
-27.243593 135.4915
-28.04048 126.06551
-32.601562 155.05281
-30.249378 141.815
-34.838715 167.84988
-29.422224 150.02916
-37.308907 175.3886
-31.836615 144.46033
-28.330057 139.80194
-28.791897 149.09389
-38.468338 172.92929
-31.4801 142.52254
-26.250143 127.08194
-28.870462 139.50543
-27.666138 127.84135
-34.527985 155.57501
-32.846375 149.16585
-24.696655 118.40301
-23.389313 126.44155
-31.927763 148.90349
-33.411934 131.15454
-26.08551 135.30345
-29.817898 141.50943
-33.867504 156.06178
-24.744633 120.59346
-26.540085 138.33984
-27.091162 117.03712
-22.28687 115.78195
-27.61204 134.36972
-30.204418 148.9207
-25.562635 130.63454
-34.79619 157.97232
-31.256952 137.62183
-28.986258 127.16532
-26.936073 132.7586
-28.096907 135.09003
-19.045732 103.379135
-26.594948 127.02407
-27.143257 124.60448
-23.108583 114.299515
-25.586353 129.15916
-27.281805 125.25801
-27.316982 127.97843
-28.664621 125.151535
-34.94452 164.73438
-34.42165 159.25185
-29.403666 138.26314
-31.408405 152.80058
-27.830986 122.2081
-21.143795 119.94282
-30.176468 141.50366
-29.167751 140.63336
-28.148306 132.26741
-29.13278 142.50287
-29.88645 156.21657
-32.80995 144.42479
-25.010983 125.71109
-26.119638 138.04712
-30.011816 151.17056
-22.776268 124.5044
-32.243214 156.98552
-31.433048 139.28328
-30.992245 138.01683
-26.417587 130.54822
-26.957226 128.50533
-28.22733 142.22874
-27.519588 130.40509
-34.323025 148.6146
-29.841389 141.00795
-37.424213 152.30116
-31.684477 140.7469
-29.59048 139.05817
-29.689606 140.8127
-27.914688 128.18832
-27.979845 129.83975
-29.915575 132.14024
-34.08025 147.44864
-27.092888 127.101234
-30.811026 132.85057
-42.343964 187.58476
-29.170145 138.02719
-24.857843 119.27513
