2815.096151365768 703.431361176142
2299.082751795503 1202.3095622558003
1937.849991107715 944.0635756546297
1536.5359509666996 982.008776148306
1746.615881832259 801.7204978233292
2321.894454747601 839.160077402091
2509.5396822679254 683.9889812848487
2309.2605192690185 1011.1542045132426
1859.3846293465454 970.9261186452052
1826.8074881487366 967.4590957214454
1758.422275415757 1056.6217483566222
2240.2141984129116 1069.8837526250682
2733.9991613296625 896.1952138513561
2853.347359978771 1195.0150567500903
2702.279868447569 1318.5053397384518
1918.478148728742 1006.6736225784189
2626.487640215361 1036.5729541508188
1769.452722508209 1095.4569413851527
2098.514244247222 887.6748360657119
2079.4513756803944 835.9802606177392
2087.5305707133416 1051.353824337936
2630.9552675005 1010.1665376786118
2442.8804842694294 800.2162133337173
2033.8646090177294 987.2305837905645
2490.1965859441307 931.4577926829761
2596.2125504130195 992.550877184826
1616.1783619790965 987.3177612396427
2439.8524950178053 692.1915493734815
2054.2918356288737 1131.0246263894203
2421.062411838669 1055.7455562972264
2606.4441057464314 1044.9534474616594
2132.189636228419 758.6421906181695
2658.937326180974 1055.3633992043488
2815.096151365768 703.431361176142
2299.237076592581 636.0925268528392
2770.61096452836 647.3458956259225
2261.1603986187724 862.6592321490759
2654.431920577471 979.6176506666341
2517.269410388222 877.9145057597595
2471.102456246413 905.7782174000118
2629.1650423143315 882.9934734560468
2361.4137613018793 831.1082710633642
2444.4488049449096 970.8926660797576
2485.780574972499 604.856447383304
2189.4167426093013 965.4867532526121
2138.341334270086 842.5216511231147
2747.2005968254434 1201.4670222566797
2163.791884879017 867.1683287978503
2532.198660410726 623.2008317724326
2307.0067902876785 1036.4449313916964
2257.593339912191 446.55816287326417
2543.001333842225 1200.5700996453752
2598.3157777514657 866.9162246653623
2514.605160322129 1168.080469192831
2412.3460740726423 1161.3044918174303
2348.790078865867 1537.9576200472666
2820.122894950356 1077.908345142514
2454.327358486658 813.5305504339285
1399.3862228031296 930.9255355069058
2234.871350854249 1084.4611655885437
1714.0209793964682 905.2522218263864
2302.975496859874 1032.4487810631367
2484.4458032671187 966.9424911012611
2837.5428429509993 1144.9041287854836
2190.9430639586635 913.9343031983288
2176.2430272484294 957.2639701858134
2461.4221560889064 1047.5800229699478
2491.5020713813005 887.0413387420398
1861.9231208504366 1294.5298601132474
1897.7654609176325 909.6650610105861
2694.4377533046854 791.649004621454
2487.863274848883 677.0715853404967
2007.4479741216185 1169.4752690365308
2456.3925463606565 1448.2359332646079
2208.1933459331476 1257.146267255893
1753.0481060861289 1216.387367003749
2647.013018525944 766.3110848398737
2958.6217034810425 940.2696181107835
2362.814696113486 887.9139386812049
2019.0023365196691 998.7865127942856
2559.6764924023537 1403.285415629109
1866.482659815738 905.9686854438246
3185.4544527637554 712.8246934438703
2452.6995605749603 1153.2937290463103
2433.2613432022317 1139.2426453788844
2094.904992141099 974.5463328485363
2273.7463114635434 806.1012775264888
1802.9441920419813 623.0139596389997
1769.6006560223427 893.2843770746537
2571.4407762719684 838.9936172570531
1965.1830746507246 807.2874462441976
3113.3406445363908 773.5699848372818
2586.9215649024713 1047.6213487836262
2202.2483414588814 971.7416349954933
1841.7281797541877 636.5975204614286
2354.808703764107 909.1406634687988
2234.2728220388713 816.1527688073551
2198.460290940167 795.6866094049935
