0.06820071 0.638911
0.14369164 1.027999
0.18127519 1.3590775
0.08346548 0.61202943
0.19058785 1.7346946
0.092400715 0.9307745
0.03555258 0.2953602
0.0911655 0.89510924
0.15719114 1.3829514
0.1055035 0.91725737
0.17505452 1.3420044
0.0639575 0.46272284
0.05349833 0.5914896
0.05927761 0.49868274
0.16577213 1.1928355
0.123438925 1.0901244
0.09576629 0.9154852
0.08806453 1.1019652
0.072314955 0.7129892
0.095138386 0.8944059
0.12690403 1.1677812
0.11596586 0.9538355
0.062617324 0.59845793
0.0899257 0.7870942
0.03357346 0.30134577
0.06778745 0.620242
0.06790563 0.669833
0.0167829 0.17022252
0.049775776 0.39190242
0.015523684 0.13193715
0.058623333 0.59108144
0.11148755 1.2257487
0.0327025 0.35993722
0.06820071 0.638911
0.039260924 0.42889598
0.036094654 0.3078624
0.08753972 0.88025403
0.053127073 0.5394109
0.07246352 0.78558135
0.03517818 0.41157526
0.028887538 0.29408547
0.11016427 1.2834895
0.054196544 0.7031832
0.024717312 0.32344064
0.17258196 1.4121939
0.121393874 1.032162
0.12835483 0.9136287
0.045121245 0.5019546
0.031552467 0.3338241
0.12785663 1.151934
0.031678364 0.3689251
0.22198315 1.5038545
0.06433844 0.6020441
0.10018611 0.9125603
0.23629816 1.5735
0.31622678 1.699426
0.034725513 0.33483148
0.087996885 0.88442385
0.13017187 1.0803679
0.20782903 1.5120184
0.14951053 1.1212261
0.089113764 0.7748919
0.08514056 0.7915283
0.17346944 1.3237408
0.16417862 1.4346728
0.10859521 1.015275
0.13857949 1.1300018
0.09047497 0.969225
0.118879095 1.1219141
0.097300574 1.07665
0.091473825 0.8960725
0.022802796 0.27005115
0.08106954 0.67815894
0.07944653 0.53867334
0.12636489 0.99726754
0.20311026 1.2559273
0.094183415 0.85415614
0.04204129 0.4221538
0.08913665 0.91597176
0.09861491 1.1049651
0.17873673 1.403787
0.12488193 0.9905453
0.035695497 0.39124715
0.05557355 0.51603967
0.03308533 0.26795718
0.17208901 1.4043065
0.05935713 0.6256845
0.0164657 0.16547765
0.10399609 1.0687555
0.052338403 0.43138576
0.18269539 1.5771179
0.042124886 0.39507765
0.122332804 1.0342238
0.206069 1.6863145
0.06573513 0.6516025
0.048500683 0.5076947
0.043341696 0.49974954
0.04479266 0.46675974
