2544.3304672445806 1615.8080616413206
2268.316992795994 1519.6310142647794
2333.8487936821566 1528.7534131041562
2244.026221368931 1455.095523215
2076.0772473840702 1841.6141604869736
3567.970149212158 3101.786921470998
2324.6170082115173 1555.5974092625881
2454.4287750207786 1429.2796604462008
2245.5706117784393 1721.8672415872588
1805.5109935326145 1396.8637393506142
2100.026694237213 1695.1692185889278
2707.6696324261316 1732.5169974711653
2452.7954681003403 1567.6764499804478
2506.209783321267 1304.4202009732003
1959.958823843111 1769.9599810236448
2426.2565033883093 1462.6303598478926
2341.0294433295444 1636.3612161941514
1800.0397554301194 1548.4919767184513
1596.5936035819748 1204.3325784836502
2465.9363321173946 1716.5548278382244
2511.503645299959 1672.0408075061735
2367.663800072661 1566.4486309424722
2855.2064771028217 1612.1308887255855
2865.5078856307673 1660.2454590666678
2996.855863774644 2213.9178744946553
1921.9744552833818 1555.1589394031844
2949.7028747947784 2065.709915719424
1769.9827897664618 1686.406913091196
1995.9927805510324 1802.356056223983
2415.9135411911925 1813.749998288102
2168.9102431079245 1534.1359287585844
2067.415516223155 1823.1250965039706
2949.370515947047 1733.102353411164
2329.861420134008 1481.0720056965886
2617.569172861609 1799.7139826626224
2200.6834103843103 1997.9215769973212
2491.980748217393 1570.9947154873882
2154.4990657961644 1460.6944189156118
2986.2895796206503 1554.2658619782956
2352.940261971713 1515.9298894715841
2547.7997159998054 1659.3331903978149
2440.42691162114 1523.6234843628772
2081.583556494486 1427.2887509888112
2551.209181756987 1927.2883512913404
2398.240733523514 1692.4954448797569
2955.763304973112 1734.4719777344378
2174.7537876123206 1635.1488447405986
2227.897138869273 1079.9894352615497
2564.3068677774695 1798.000306319715
2148.6846807909433 1196.2935217613679
2503.966954417672 1756.7544518637656
2890.1432426428278 1613.5701520410785
2865.92061928412 1692.7526074368388
1871.6442518308265 1767.0518243790007
2031.7607106738174 1660.0074960353822
1955.6745903680314 1478.4026627061296
2115.139410008907 1589.5469506249171
2596.5522998202337 1644.650788344182
2540.314034194285 1360.1538915842998
2148.879986781351 1606.8676752034698
2763.9123637881985 1946.9591659331163
2150.9570760832526 1602.9575840769883
2794.0188831416513 1960.8169107589508
2372.3818697455295 1705.193175315323
2036.5603204748932 1610.6534291588196
2822.109435535825 1732.4682408238095
2004.0441375412108 1234.20788374355
2120.3323902114576 1605.1829830737775
2363.3248933147715 1447.2765232227139
2103.3286468825772 1876.3287580208314
2763.6731234660283 1797.0265351976673
2321.7344220527557 1358.8943650225672
2276.397611880675 1427.99123416783
2751.1960163200447 2269.088866328452
1920.7495838157688 1417.1501616270855
3097.101668054035 1331.4596561118476
1586.2276670656906 1436.0420206808556
1746.9427035679764 1512.5191654047749
2270.7890638251906 1810.7166073147234
2029.0467710465944 1731.6206595305787
2185.057061006589 1513.864551381914
2403.4672273972333 1710.7296751280057
2511.3407373168043 1381.097776897502
2595.6362487977076 1601.6484888795555
3026.5789906756067 1590.0256613646206
2609.124052350246 2035.7540742748006
2294.7457090418525 1359.97756761508
1734.5862366365811 1251.3597992476828
2303.9306758003995 1770.281767100605
2643.783199463861 1847.4639422465773
2493.295328551907 1404.3594840553153
2637.2511199029213 1849.6539739432176
1910.4774476103762 1457.9391088486693
2973.320447666603 1843.5606045774302
1962.4836143524813 1453.7652206644766
2624.1950853053954 1520.3539150534182
2276.0907923335412 1572.6212090735876
2429.5354066246996 1698.5095952765826
2414.899884532652 1280.446110183489
2918.5240869922404 1932.2329803046812
2010.5901531020288 1292.57568103582
3577.4572889322653 1768.1111915089691
2208.7005932056477 1368.8593109706121
2237.971621934525 1401.187538977809
